<?xml version="1.0"?>
<!-- DTD for the XMLBIF 0.3 format -->
<!DOCTYPE BIF [
	<!ELEMENT BIF ( NETWORK )*>
	      <!ATTLIST BIF VERSION CDATA #REQUIRED>
	<!ELEMENT NETWORK ( NAME, ( PROPERTY | VARIABLE | DEFINITION )* )>
	<!ELEMENT NAME (#PCDATA)>
	<!ELEMENT VARIABLE ( NAME, ( OUTCOME |  PROPERTY )* ) >
	      <!ATTLIST VARIABLE TYPE (nature|decision|utility) "nature">
	<!ELEMENT OUTCOME (#PCDATA)>
	<!ELEMENT DEFINITION ( FOR | GIVEN | TABLE | PROPERTY )* >
	<!ELEMENT FOR (#PCDATA)>
	<!ELEMENT GIVEN (#PCDATA)>
	<!ELEMENT TABLE (#PCDATA)>
	<!ELEMENT PROPERTY (#PCDATA)>
]>


<BIF VERSION="0.3">
<NETWORK>
<NAME>alarm_15000</NAME>
<VARIABLE TYPE="nature">
	<NAME>Hypovolemia</NAME>
	<OUTCOME>FALSE</OUTCOME>
	<OUTCOME>TRUE</OUTCOME>
	<PROPERTY>position = (990,1344)</PROPERTY>
</VARIABLE>
<VARIABLE TYPE="nature">
	<NAME>LVFailure</NAME>
	<OUTCOME>FALSE</OUTCOME>
	<OUTCOME>TRUE</OUTCOME>
	<PROPERTY>position = (1089,1152)</PROPERTY>
</VARIABLE>
<VARIABLE TYPE="nature">
	<NAME>History</NAME>
	<OUTCOME>FALSE</OUTCOME>
	<OUTCOME>TRUE</OUTCOME>
	<PROPERTY>position = (990,1248)</PROPERTY>
</VARIABLE>
<VARIABLE TYPE="nature">
	<NAME>LVEDVolume</NAME>
	<OUTCOME>Normal</OUTCOME>
	<OUTCOME>High</OUTCOME>
	<OUTCOME>Low</OUTCOME>
	<PROPERTY>position = (1188,1248)</PROPERTY>
</VARIABLE>
<VARIABLE TYPE="nature">
	<NAME>StrokeVolume</NAME>
	<OUTCOME>Normal</OUTCOME>
	<OUTCOME>Low</OUTCOME>
	<OUTCOME>High</OUTCOME>
	<PROPERTY>position = (1188,1056)</PROPERTY>
</VARIABLE>
<VARIABLE TYPE="nature">
	<NAME>CVP</NAME>
	<OUTCOME>Normal</OUTCOME>
	<OUTCOME>Low</OUTCOME>
	<OUTCOME>High</OUTCOME>
	<PROPERTY>position = (1089,1344)</PROPERTY>
</VARIABLE>
<VARIABLE TYPE="nature">
	<NAME>PCWP</NAME>
	<OUTCOME>Normal</OUTCOME>
	<OUTCOME>High</OUTCOME>
	<OUTCOME>Low</OUTCOME>
	<PROPERTY>position = (1188,1344)</PROPERTY>
</VARIABLE>
<VARIABLE TYPE="nature">
	<NAME>CO</NAME>
	<OUTCOME>Normal</OUTCOME>
	<OUTCOME>Low</OUTCOME>
	<OUTCOME>High</OUTCOME>
	<PROPERTY>position = (1188,960)</PROPERTY>
</VARIABLE>
<VARIABLE TYPE="nature">
	<NAME>InsuffAnesth</NAME>
	<OUTCOME>FALSE</OUTCOME>
	<OUTCOME>TRUE</OUTCOME>
	<PROPERTY>position = (1287,672)</PROPERTY>
</VARIABLE>
<VARIABLE TYPE="nature">
	<NAME>Catechol</NAME>
	<OUTCOME>Normal</OUTCOME>
	<OUTCOME>High</OUTCOME>
	<PROPERTY>position = (693,960)</PROPERTY>
</VARIABLE>
<VARIABLE TYPE="nature">
	<NAME>PAP</NAME>
	<OUTCOME>High</OUTCOME>
	<OUTCOME>Normal</OUTCOME>
	<OUTCOME>Low</OUTCOME>
	<PROPERTY>position = (495,96)</PROPERTY>
</VARIABLE>
<VARIABLE TYPE="nature">
	<NAME>PulmEmbolus</NAME>
	<OUTCOME>TRUE</OUTCOME>
	<OUTCOME>FALSE</OUTCOME>
	<PROPERTY>position = (594,864)</PROPERTY>
</VARIABLE>
<VARIABLE TYPE="nature">
	<NAME>Shunt</NAME>
	<OUTCOME>Normal</OUTCOME>
	<OUTCOME>High</OUTCOME>
	<PROPERTY>position = (891,192)</PROPERTY>
</VARIABLE>
<VARIABLE TYPE="nature">
	<NAME>HR</NAME>
	<OUTCOME>Normal</OUTCOME>
	<OUTCOME>Low</OUTCOME>
	<OUTCOME>High</OUTCOME>
	<PROPERTY>position = (1287,864)</PROPERTY>
</VARIABLE>
<VARIABLE TYPE="nature">
	<NAME>ErrLowOutput</NAME>
	<OUTCOME>FALSE</OUTCOME>
	<OUTCOME>TRUE</OUTCOME>
	<PROPERTY>position = (1386,768)</PROPERTY>
</VARIABLE>
<VARIABLE TYPE="nature">
	<NAME>Anaphylaxis</NAME>
	<OUTCOME>FALSE</OUTCOME>
	<OUTCOME>TRUE</OUTCOME>
	<PROPERTY>position = (495,1344)</PROPERTY>
</VARIABLE>
<VARIABLE TYPE="nature">
	<NAME>TPR</NAME>
	<OUTCOME>High</OUTCOME>
	<OUTCOME>Normal</OUTCOME>
	<OUTCOME>Low</OUTCOME>
	<PROPERTY>position = (495,1248)</PROPERTY>
</VARIABLE>
<VARIABLE TYPE="nature">
	<NAME>ErrCauter</NAME>
	<OUTCOME>FALSE</OUTCOME>
	<OUTCOME>TRUE</OUTCOME>
	<PROPERTY>position = (891,1056)</PROPERTY>
</VARIABLE>
<VARIABLE TYPE="nature">
	<NAME>BP</NAME>
	<OUTCOME>High</OUTCOME>
	<OUTCOME>Low</OUTCOME>
	<OUTCOME>Normal</OUTCOME>
	<PROPERTY>position = (594,1344)</PROPERTY>
</VARIABLE>
<VARIABLE TYPE="nature">
	<NAME>HRBP</NAME>
	<OUTCOME>Normal</OUTCOME>
	<OUTCOME>Low</OUTCOME>
	<OUTCOME>High</OUTCOME>
	<PROPERTY>position = (1485,576)</PROPERTY>
</VARIABLE>
<VARIABLE TYPE="nature">
	<NAME>HREKG</NAME>
	<OUTCOME>Normal</OUTCOME>
	<OUTCOME>Low</OUTCOME>
	<OUTCOME>High</OUTCOME>
	<PROPERTY>position = (792,1152)</PROPERTY>
</VARIABLE>
<VARIABLE TYPE="nature">
	<NAME>HRSat</NAME>
	<OUTCOME>Normal</OUTCOME>
	<OUTCOME>Low</OUTCOME>
	<OUTCOME>High</OUTCOME>
	<PROPERTY>position = (891,960)</PROPERTY>
</VARIABLE>
<VARIABLE TYPE="nature">
	<NAME>SaO2</NAME>
	<OUTCOME>Normal</OUTCOME>
	<OUTCOME>Low</OUTCOME>
	<OUTCOME>High</OUTCOME>
	<PROPERTY>position = (495,1152)</PROPERTY>
</VARIABLE>
<VARIABLE TYPE="nature">
	<NAME>PVSat</NAME>
	<OUTCOME>Normal</OUTCOME>
	<OUTCOME>Low</OUTCOME>
	<OUTCOME>High</OUTCOME>
	<PROPERTY>position = (396,1056)</PROPERTY>
</VARIABLE>
<VARIABLE TYPE="nature">
	<NAME>FiO2</NAME>
	<OUTCOME>Normal</OUTCOME>
	<OUTCOME>Low</OUTCOME>
	<PROPERTY>position = (297,1152)</PROPERTY>
</VARIABLE>
<VARIABLE TYPE="nature">
	<NAME>ArtCO2</NAME>
	<OUTCOME>Normal</OUTCOME>
	<OUTCOME>Low</OUTCOME>
	<OUTCOME>High</OUTCOME>
	<PROPERTY>position = (1188,672)</PROPERTY>
</VARIABLE>
<VARIABLE TYPE="nature">
	<NAME>Intubation</NAME>
	<OUTCOME>Normal</OUTCOME>
	<OUTCOME>OneSided</OUTCOME>
	<OUTCOME>Esophageal</OUTCOME>
	<PROPERTY>position = (297,768)</PROPERTY>
</VARIABLE>
<VARIABLE TYPE="nature">
	<NAME>VentAlv</NAME>
	<OUTCOME>Normal</OUTCOME>
	<OUTCOME>Zero</OUTCOME>
	<OUTCOME>Low</OUTCOME>
	<OUTCOME>High</OUTCOME>
	<PROPERTY>position = (990,480)</PROPERTY>
</VARIABLE>
<VARIABLE TYPE="nature">
	<NAME>MinVol</NAME>
	<OUTCOME>Zero</OUTCOME>
	<OUTCOME>Normal</OUTCOME>
	<OUTCOME>Low</OUTCOME>
	<OUTCOME>High</OUTCOME>
	<PROPERTY>position = (693,288)</PROPERTY>
</VARIABLE>
<VARIABLE TYPE="nature">
	<NAME>VentLung</NAME>
	<OUTCOME>Normal</OUTCOME>
	<OUTCOME>Zero</OUTCOME>
	<OUTCOME>Low</OUTCOME>
	<OUTCOME>High</OUTCOME>
	<PROPERTY>position = (594,576)</PROPERTY>
</VARIABLE>
<VARIABLE TYPE="nature">
	<NAME>ExpCO2</NAME>
	<OUTCOME>Normal</OUTCOME>
	<OUTCOME>Low</OUTCOME>
	<OUTCOME>Zero</OUTCOME>
	<OUTCOME>High</OUTCOME>
	<PROPERTY>position = (396,768)</PROPERTY>
</VARIABLE>
<VARIABLE TYPE="nature">
	<NAME>KinkedTube</NAME>
	<OUTCOME>FALSE</OUTCOME>
	<OUTCOME>TRUE</OUTCOME>
	<PROPERTY>position = (495,384)</PROPERTY>
</VARIABLE>
<VARIABLE TYPE="nature">
	<NAME>Press</NAME>
	<OUTCOME>Normal</OUTCOME>
	<OUTCOME>Zero</OUTCOME>
	<OUTCOME>Low</OUTCOME>
	<OUTCOME>High</OUTCOME>
	<PROPERTY>position = (594,96)</PROPERTY>
</VARIABLE>
<VARIABLE TYPE="nature">
	<NAME>VentTube</NAME>
	<OUTCOME>Normal</OUTCOME>
	<OUTCOME>Zero</OUTCOME>
	<OUTCOME>High</OUTCOME>
	<OUTCOME>Low</OUTCOME>
	<PROPERTY>position = (198,672)</PROPERTY>
</VARIABLE>
<VARIABLE TYPE="nature">
	<NAME>VentMach</NAME>
	<OUTCOME>Normal</OUTCOME>
	<OUTCOME>High</OUTCOME>
	<OUTCOME>Zero</OUTCOME>
	<OUTCOME>Low</OUTCOME>
	<PROPERTY>position = (792,864)</PROPERTY>
</VARIABLE>
<VARIABLE TYPE="nature">
	<NAME>Disconnect</NAME>
	<OUTCOME>FALSE</OUTCOME>
	<OUTCOME>TRUE</OUTCOME>
	<PROPERTY>position = (99,768)</PROPERTY>
</VARIABLE>
<VARIABLE TYPE="nature">
	<NAME>MinVolSet</NAME>
	<OUTCOME>Normal</OUTCOME>
	<OUTCOME>High</OUTCOME>
	<OUTCOME>Low</OUTCOME>
	<PROPERTY>position = (891,0)</PROPERTY>
</VARIABLE>
<DEFINITION>
<FOR>Hypovolemia</FOR>
	<GIVEN>LVFailure</GIVEN>
	<GIVEN>StrokeVolume</GIVEN>
	<GIVEN>LVEDVolume</GIVEN>
<TABLE>
0.9998391248391248 1.6087516087516087E-4 
0.9930278884462151 0.0069721115537848604 
0.8270491803278689 0.17295081967213113 
0.9489795918367347 0.05102040816326531 
0.5227272727272727 0.4772727272727273 
0.010590858416945374 0.9894091415830546 
0.9990366088631984 9.633911368015414E-4 
0.9838709677419355 0.016129032258064516 
0.5 0.5 
0.9791666666666666 0.020833333333333332 
0.9978165938864629 0.002183406113537118 
0.7 0.3 
0.7432432432432432 0.25675675675675674 
0.9935064935064936 0.006493506493506494 
0.02631578947368421 0.9736842105263158 
0.5 0.5 
0.8333333333333334 0.16666666666666666 
0.25 0.75 
</TABLE>
</DEFINITION>
<DEFINITION>
<FOR>LVFailure</FOR>
	<GIVEN>StrokeVolume</GIVEN>
<TABLE>
0.9760969220694171 0.02390307793058284 
0.8920639219934995 0.10793607800650054 
0.9943729903536977 0.005627009646302251 
</TABLE>
</DEFINITION>
<DEFINITION>
<FOR>History</FOR>
	<GIVEN>LVFailure</GIVEN>
<TABLE>
0.9920878354827466 0.0079121645172534 
0.10578386605783865 0.8942161339421614 
</TABLE>
</DEFINITION>
<DEFINITION>
<FOR>LVEDVolume</FOR>
	<GIVEN>StrokeVolume</GIVEN>
	<GIVEN>LVFailure</GIVEN>
<TABLE>
0.893526283003498 0.048061718338204995 0.05841199865829699 
0.09161793372319688 0.8908382066276803 0.017543859649122806 
0.16345424191834876 0.019881620883290332 0.816664137198361 
0.09136420525657071 0.5769712140175219 0.3316645807259074 
0.8369652945924132 0.04923325262308313 0.11380145278450363 
0.1111111111111111 0.5555555555555556 0.3333333333333333 
</TABLE>
</DEFINITION>
<DEFINITION>
<FOR>StrokeVolume</FOR>
	<GIVEN>CO</GIVEN>
	<GIVEN>HR</GIVEN>
<TABLE>
0.9672682434704629 0.012666741396704406 0.020065015132832643 
0.569620253164557 0.08860759493670886 0.34177215189873417 
0.3851409052092229 0.6071733561058924 0.007685738684884714 
0.11929930534581698 0.8791905768649955 0.0015101177891875567 
0.7215592680986476 0.2553699284009546 0.023070803500397773 
0.032219923145137455 0.9645285249778304 0.00325155187703222 
0.20770877944325483 0.044967880085653104 0.7473233404710921 
0.8823529411764706 0.058823529411764705 0.058823529411764705 
0.9401103230890465 0.0037649943087295335 0.056124682602223974 
</TABLE>
</DEFINITION>
<DEFINITION>
<FOR>CVP</FOR>
	<GIVEN>LVEDVolume</GIVEN>
<TABLE>
0.9501891853058096 0.038459696345610424 0.011351118348579914 
0.28794326241134754 0.013711583924349883 0.6983451536643026 
0.04148253741981468 0.9464005702066999 0.012116892373485389 
</TABLE>
</DEFINITION>
<DEFINITION>
<FOR>PCWP</FOR>
	<GIVEN>LVEDVolume</GIVEN>
<TABLE>
0.9488481249101969 0.010776378179031564 0.04037549691077159 
0.03640661938534279 0.9555555555555556 0.008037825059101654 
0.042052744119743406 0.008980755523877405 0.9489665003563792 
</TABLE>
</DEFINITION>
<DEFINITION>
<FOR>CO</FOR>
	<GIVEN>HR</GIVEN>
<TABLE>
0.7026707634129048 0.26069487118884427 0.036634365398251004 
0.05716406829992576 0.9317000742390498 0.011135857461024499 
0.07320433339595467 0.2117227127559647 0.7150729538480807 
</TABLE>
</DEFINITION>
<DEFINITION>
<FOR>InsuffAnesth</FOR>
	<GIVEN>VentAlv</GIVEN>
	<GIVEN>Shunt</GIVEN>
	<GIVEN>HRBP</GIVEN>
<TABLE>
0.949188491331612 0.05081150866838805 
0.9230287859824781 0.0769712140175219 
0.5945781667882324 0.40542183321176756 
0.8872549019607843 0.11274509803921569 
0.8269230769230769 0.17307692307692307 
0.7841296928327645 0.2158703071672355 
0.8271889400921659 0.1728110599078341 
0.823943661971831 0.176056338028169 
0.8009530791788856 0.19904692082111436 
0.74 0.26 
0.8636363636363636 0.13636363636363635 
0.8272058823529411 0.17279411764705882 
0.7620689655172413 0.23793103448275862 
0.8833333333333333 0.11666666666666667 
0.7788184438040345 0.2211815561959654 
0.7616279069767442 0.23837209302325582 
0.6290322580645161 0.3709677419354839 
0.7698412698412699 0.23015873015873015 
0.9613333333333334 0.03866666666666667 
0.9196428571428571 0.08035714285714286 
0.33984375 0.66015625 
0.9642857142857143 0.03571428571428571 
0.8333333333333334 0.16666666666666666 
0.6304347826086957 0.3695652173913043 
</TABLE>
</DEFINITION>
<DEFINITION>
<FOR>Catechol</FOR>
	<GIVEN>InsuffAnesth</GIVEN>
	<GIVEN>HR</GIVEN>
	<GIVEN>VentAlv</GIVEN>
	<GIVEN>Shunt</GIVEN>
<TABLE>
0.9529130850047756 0.04708691499522445 
0.3869047619047619 0.6130952380952381 
0.18456375838926176 0.8154362416107382 
0.23333333333333334 0.7666666666666667 
0.18229166666666666 0.8177083333333334 
0.1574074074074074 0.8425925925925926 
0.9883116883116884 0.011688311688311689 
0.6785714285714286 0.32142857142857145 
0.9478798586572438 0.052120141342756186 
0.2777777777777778 0.7222222222222222 
0.25 0.75 
0.125 0.875 
0.25 0.75 
0.3125 0.6875 
0.984375 0.015625 
0.25 0.75 
0.02391304347826087 0.9760869565217392 
0.005208333333333333 0.9947916666666666 
0.0012919896640826874 0.9987080103359173 
0.0040650406504065045 0.9959349593495935 
8.726003490401396E-4 0.9991273996509599 
0.0010845986984815619 0.9989154013015185 
0.1625 0.8375 
0.03125 0.96875 
0.175 0.825 
0.15 0.85 
0.06 0.94 
0.0625 0.9375 
0.14516129032258066 0.8548387096774194 
0.02631578947368421 0.9736842105263158 
0.5 0.5 
0.5 0.5 
0.1388888888888889 0.8611111111111112 
0.125 0.875 
0.1 0.9 
0.25 0.75 
0.5 0.5 
0.25 0.75 
0.25 0.75 
0.5 0.5 
8.484162895927602E-4 0.9991515837104072 
0.0038461538461538464 0.9961538461538462 
0.0017064846416382253 0.9982935153583617 
0.021739130434782608 0.9782608695652174 
0.003105590062111801 0.9968944099378882 
0.01048951048951049 0.9895104895104895 
0.005681818181818182 0.9943181818181818 
0.05555555555555555 0.9444444444444444 
</TABLE>
</DEFINITION>
<DEFINITION>
<FOR>PAP</FOR>
<TABLE>
0.0552944705529447 0.8975435789754358 0.0471619504716195 
</TABLE>
</DEFINITION>
<DEFINITION>
<FOR>PulmEmbolus</FOR>
	<GIVEN>Intubation</GIVEN>
	<GIVEN>PAP</GIVEN>
	<GIVEN>Shunt</GIVEN>
<TABLE>
0.022103658536585365 0.9778963414634146 
0.7629310344827587 0.23706896551724138 
2.1429795988342192E-4 0.9997857020401166 
0.03495007132667618 0.9650499286733238 
8.291873963515755E-4 0.9991708126036484 
0.039473684210526314 0.9605263157894737 
0.5 0.5 
0.19696969696969696 0.803030303030303 
0.016129032258064516 0.9838709677419355 
0.0023510971786833857 0.9976489028213166 
0.16666666666666666 0.8333333333333334 
0.010869565217391304 0.9891304347826086 
0.06 0.94 
0.625 0.375 
0.0012376237623762376 0.9987623762376238 
0.016666666666666666 0.9833333333333333 
0.022727272727272728 0.9772727272727273 
0.5 0.5 
</TABLE>
</DEFINITION>
<DEFINITION>
<FOR>Shunt</FOR>
	<GIVEN>Press</GIVEN>
	<GIVEN>MinVolSet</GIVEN>
	<GIVEN>PAP</GIVEN>
<TABLE>
0.839968152866242 0.16003184713375795 
0.9236718224613315 0.07632817753866845 
0.9127579737335835 0.08724202626641651 
0.5 0.5 
0.875 0.125 
0.5 0.5 
0.5 0.5 
0.9166666666666666 0.08333333333333333 
0.5 0.5 
0.81875 0.18125 
0.9064299424184261 0.0935700575815739 
0.8962264150943396 0.10377358490566038 
0.5 0.5 
0.8636363636363636 0.13636363636363635 
0.5 0.5 
0.5 0.5 
0.90625 0.09375 
0.8333333333333334 0.16666666666666666 
0.8953488372093024 0.10465116279069768 
0.8903785488958991 0.10962145110410094 
0.9264705882352942 0.07352941176470588 
0.5 0.5 
0.9 0.1 
0.5 0.5 
0.6111111111111112 0.3888888888888889 
0.9094827586206896 0.09051724137931035 
0.8076923076923077 0.19230769230769232 
0.5769230769230769 0.4230769230769231 
0.65754039497307 0.34245960502692996 
0.6015625 0.3984375 
0.8333333333333334 0.16666666666666666 
0.881578947368421 0.11842105263157894 
0.8214285714285714 0.17857142857142858 
0.25 0.75 
0.9 0.1 
0.5 0.5 
</TABLE>
</DEFINITION>
<DEFINITION>
<FOR>HR</FOR>
	<GIVEN>InsuffAnesth</GIVEN>
	<GIVEN>ErrLowOutput</GIVEN>
	<GIVEN>ArtCO2</GIVEN>
	<GIVEN>HRBP</GIVEN>
<TABLE>
0.99389409411517 0.0017896620696915464 0.004316243815138436 
0.060473269062226116 0.901840490797546 0.03768624014022787 
0.019964419845819332 5.930025696778019E-4 0.9794425775845028 
0.9980713596914176 9.643201542912247E-4 9.643201542912247E-4 
0.11711711711711711 0.8558558558558559 0.02702702702702703 
0.038348082595870206 0.0029498525073746312 0.9587020648967551 
0.944792973651192 0.0012547051442910915 0.053952321204516936 
0.06382978723404255 0.6595744680851063 0.2765957446808511 
0.003607044345427541 6.365372374283895E-4 0.995756418417144 
0.70917225950783 0.0022371364653243847 0.28859060402684567 
0.6 0.13442622950819672 0.26557377049180325 
0.04950495049504951 0.009900990099009901 0.9405940594059405 
0.7288135593220338 0.01694915254237288 0.2542372881355932 
0.6888888888888889 0.1111111111111111 0.2 
0.2 0.6 0.2 
0.12056737588652482 0.0070921985815602835 0.8723404255319149 
0.14049586776859505 0.09090909090909091 0.768595041322314 
0.012048192771084338 0.012048192771084338 0.9759036144578314 
0.9138321995464853 0.0022675736961451248 0.08390022675736962 
0.043478260869565216 0.5072463768115942 0.4492753623188406 
0.0040360136603539275 3.104625892579944E-4 0.9956535237503881 
0.8775510204081632 0.02040816326530612 0.10204081632653061 
0.09090909090909091 0.6363636363636364 0.2727272727272727 
0.002898550724637681 0.002898550724637681 0.9942028985507246 
0.9217877094972067 0.00558659217877095 0.07262569832402235 
0.10344827586206896 0.3793103448275862 0.5172413793103449 
0.002352941176470588 7.84313725490196E-4 0.9968627450980392 
0.05263157894736842 0.010526315789473684 0.9368421052631579 
0.01639344262295082 0.04918032786885246 0.9344262295081968 
0.014925373134328358 0.014925373134328358 0.9701492537313433 
0.2 0.2 0.6 
0.3333333333333333 0.1111111111111111 0.5555555555555556 
0.2 0.2 0.6 
0.2558139534883721 0.023255813953488372 0.7209302325581395 
0.03225806451612903 0.0967741935483871 0.8709677419354839 
0.034482758620689655 0.034482758620689655 0.9310344827586207 
</TABLE>
</DEFINITION>
<DEFINITION>
<FOR>ErrLowOutput</FOR>
	<GIVEN>HRBP</GIVEN>
	<GIVEN>Shunt</GIVEN>
	<GIVEN>InsuffAnesth</GIVEN>
<TABLE>
0.9500517598343685 0.04994824016563147 
0.8268698060941828 0.1731301939058172 
0.8368983957219251 0.16310160427807488 
0.8552631578947368 0.14473684210526316 
0.7646048109965635 0.23539518900343642 
0.5123456790123457 0.4876543209876543 
0.49038461538461536 0.5096153846153846 
0.5588235294117647 0.4411764705882353 
0.9819218636253336 0.018078136374666345 
0.9809283088235294 0.01907169117647059 
0.9838551859099804 0.01614481409001957 
0.9809027777777778 0.019097222222222224 
</TABLE>
</DEFINITION>
<DEFINITION>
<FOR>Anaphylaxis</FOR>
	<GIVEN>TPR</GIVEN>
<TABLE>
0.9994297445255474 5.702554744525547E-4 
0.9997477719858753 2.522280141247688E-4 
0.973994006849315 0.02600599315068493 
</TABLE>
</DEFINITION>
<DEFINITION>
<FOR>TPR</FOR>
	<GIVEN>ExpCO2</GIVEN>
	<GIVEN>InsuffAnesth</GIVEN>
	<GIVEN>Catechol</GIVEN>
	<GIVEN>SaO2</GIVEN>
<TABLE>
0.4054394623543001 0.5497217263467394 0.04483881129896041 
0.3333333333333333 0.5072463768115942 0.15942028985507245 
0.2627646326276463 0.40722291407222916 0.3300124533001245 
0.03967688287004039 0.058683772867664526 0.9016393442622951 
0.30957372466806427 0.39343116701607267 0.296995108315863 
0.1111111111111111 0.4074074074074074 0.48148148148148145 
0.7746478873239436 0.09859154929577464 0.1267605633802817 
0.2 0.2 0.6 
0.3333333333333333 0.5555555555555556 0.1111111111111111 
0.2718235476856167 0.40105622864243556 0.3271202236719478 
0.312 0.37066666666666664 0.31733333333333336 
0.22033898305084745 0.3898305084745763 0.3898305084745763 
0.4117647058823529 0.5618661257606491 0.02636916835699797 
0.3333333333333333 0.5555555555555556 0.1111111111111111 
0.31208499335989376 0.38645418326693226 0.301460823373174 
0.0502283105022831 0.0958904109589041 0.8538812785388128 
0.31797235023041476 0.37327188940092165 0.3087557603686636 
0.36 0.12 0.52 
0.5555555555555556 0.3333333333333333 0.1111111111111111 
0.3333333333333333 0.3333333333333333 0.3333333333333333 
0.17647058823529413 0.6470588235294118 0.17647058823529413 
0.3640552995391705 0.3548387096774194 0.28110599078341014 
0.36585365853658536 0.2682926829268293 0.36585365853658536 
0.30177514792899407 0.3727810650887574 0.3254437869822485 
0.40606060606060607 0.5151515151515151 0.07878787878787878 
0.4074074074074074 0.48148148148148145 0.1111111111111111 
0.18840579710144928 0.6521739130434783 0.15942028985507245 
0.21904761904761905 0.12380952380952381 0.6571428571428571 
0.27638190954773867 0.3900270583687669 0.3335910320834944 
0.7142857142857143 0.14285714285714285 0.14285714285714285 
0.3333333333333333 0.3333333333333333 0.3333333333333333 
0.3333333333333333 0.3333333333333333 0.3333333333333333 
0.3333333333333333 0.3333333333333333 0.3333333333333333 
0.24528301886792453 0.5094339622641509 0.24528301886792453 
0.3141122913505311 0.38694992412746587 0.29893778452200304 
0.14285714285714285 0.6190476190476191 0.23809523809523808 
0.3568627450980392 0.5529411764705883 0.09019607843137255 
0.14285714285714285 0.3333333333333333 0.5238095238095238 
0.2112676056338028 0.5774647887323944 0.2112676056338028 
0.23924268502581755 0.3838209982788296 0.3769363166953528 
0.28872366790582404 0.3812474184221396 0.33002891367203635 
0.5409836065573771 0.01639344262295082 0.4426229508196721 
0.2 0.6 0.2 
0.3333333333333333 0.4666666666666667 0.2 
0.3333333333333333 0.3333333333333333 0.3333333333333333 
0.28078817733990147 0.35960591133004927 0.35960591133004927 
0.3125925925925926 0.3985185185185185 0.28888888888888886 
0.25925925925925924 0.4074074074074074 0.3333333333333333 
</TABLE>
</DEFINITION>
<DEFINITION>
<FOR>ErrCauter</FOR>
	<GIVEN>HR</GIVEN>
	<GIVEN>HRSat</GIVEN>
<TABLE>
0.9634865568083261 0.03651344319167389 
0.18727272727272729 0.8127272727272727 
0.23863636363636365 0.7613636363636364 
0.13414634146341464 0.8658536585365854 
0.9728618421052632 0.027138157894736843 
0.057692307692307696 0.9423076923076923 
0.20588235294117646 0.7941176470588235 
0.2002840909090909 0.7997159090909091 
0.9664204623170565 0.03357953768294351 
</TABLE>
</DEFINITION>
<DEFINITION>
<FOR>BP</FOR>
	<GIVEN>CO</GIVEN>
	<GIVEN>TPR</GIVEN>
<TABLE>
0.5338723166991916 0.044326735433509894 0.4218009478672986 
0.046352109748493034 0.10081064227811266 0.8528372479733943 
0.011844331641285956 0.9796954314720813 0.008460236886632826 
0.10003985651654046 0.2961339178955759 0.6038262255878836 
0.010513667768098528 0.9837789125863623 0.005707419645539201 
0.008991954566966399 0.9772834831992427 0.01372456223379082 
0.8954833893243748 0.007838745800671893 0.09667786487495333 
0.7351768146769476 0.052379686253655945 0.21244349906939644 
0.007136322049405307 0.9041171088746569 0.08874656907593778 
</TABLE>
</DEFINITION>
<DEFINITION>
<FOR>HRBP</FOR>
	<GIVEN>VentAlv</GIVEN>
	<GIVEN>Shunt</GIVEN>
<TABLE>
0.5247036051294459 0.07728042584079362 0.39801596902976044 
0.1424561403508772 0.035789473684210524 0.8217543859649122 
0.13117237200848228 0.04271432899121479 0.826113299000303 
0.1436950146627566 0.06158357771260997 0.7947214076246334 
0.1665706051873199 0.03400576368876081 0.7994236311239193 
0.12527472527472527 0.04468864468864469 0.8300366300366301 
0.6717488789237668 0.09955156950672646 0.22869955156950672 
0.35064935064935066 0.06493506493506493 0.5844155844155844 
</TABLE>
</DEFINITION>
<DEFINITION>
<FOR>HREKG</FOR>
	<GIVEN>HR</GIVEN>
	<GIVEN>ErrCauter</GIVEN>
<TABLE>
0.9808081697332511 0.009771986970684038 0.009419843296064795 
0.32535527299925204 0.337322363500374 0.337322363500374 
0.007518796992481203 0.9866332497911445 0.005847953216374269 
0.28104575163398693 0.39869281045751637 0.3202614379084967 
0.011315515446025685 0.008677542519958347 0.980006942034016 
0.3541799617102744 0.3541799617102744 0.2916400765794512 
</TABLE>
</DEFINITION>
<DEFINITION>
<FOR>HRSat</FOR>
	<GIVEN>HR</GIVEN>
<TABLE>
0.90829591113212 0.04325218624438667 0.04845190262349326 
0.060133630289532294 0.9020044543429844 0.0378619153674833 
0.04039075709186549 0.044022794163692154 0.9155864487444424 
</TABLE>
</DEFINITION>
<DEFINITION>
<FOR>SaO2</FOR>
	<GIVEN>Shunt</GIVEN>
	<GIVEN>Catechol</GIVEN>
	<GIVEN>InsuffAnesth</GIVEN>
	<GIVEN>PVSat</GIVEN>
<TABLE>
0.9838724978654777 4.743382980741865E-4 0.015653163836448155 
0.1724137931034483 0.47126436781609193 0.3563218390804598 
0.011432414256893073 0.0020174848688634837 0.9865501008742434 
0.9746835443037974 0.012658227848101266 0.012658227848101266 
0.07692307692307693 0.8461538461538461 0.07692307692307693 
0.043478260869565216 0.043478260869565216 0.9130434782608695 
0.9692248509328717 0.028659357568763224 0.0021157914983650702 
0.006962785114045618 0.9899159663865547 0.00312124849939976 
0.04424778761061947 0.18584070796460178 0.7699115044247787 
0.9817155149233665 0.0056466792148427 0.012637805861790804 
0.0065116279069767444 0.9906976744186047 0.0027906976744186047 
0.0029498525073746312 0.014749262536873156 0.9823008849557522 
0.07692307692307693 0.7538461538461538 0.16923076923076924 
0.10344827586206896 0.4482758620689655 0.4482758620689655 
0.6129032258064516 0.2903225806451613 0.0967741935483871 
0.2 0.6 0.2 
0.2 0.6 0.2 
0.3333333333333333 0.3333333333333333 0.3333333333333333 
0.002932551319648094 0.9941348973607038 0.002932551319648094 
0.014671814671814672 0.9752895752895753 0.010038610038610039 
0.14285714285714285 0.8461538461538461 0.01098901098901099 
0.039711191335740074 0.9566787003610109 0.0036101083032490976 
0.018666666666666668 0.9733333333333334 0.008 
0.2727272727272727 0.696969696969697 0.030303030303030304 
</TABLE>
</DEFINITION>
<DEFINITION>
<FOR>PVSat</FOR>
	<GIVEN>Catechol</GIVEN>
	<GIVEN>InsuffAnesth</GIVEN>
	<GIVEN>VentAlv</GIVEN>
<TABLE>
0.9418304722938717 0.0016899404073645824 0.05647958729876368 
0.12 0.68 0.2 
0.04918032786885246 0.7049180327868853 0.2459016393442623 
0.0035087719298245615 0.0011695906432748538 0.9953216374269006 
0.9080459770114943 0.011494252873563218 0.08045977011494253 
0.2 0.6 0.2 
0.07692307692307693 0.8461538461538461 0.07692307692307693 
0.058823529411764705 0.058823529411764705 0.8823529411764706 
0.9420643390760787 0.04650099100472633 0.011434669919195 
0.007324729682595047 0.9888385071503314 0.0038367631670735963 
0.007274283269148481 0.982028241335045 0.01069747539580659 
0.02564102564102564 0.19658119658119658 0.7777777777777778 
0.9453292132160684 0.018778226764915616 0.035892560019015925 
0.009985734664764621 0.9771754636233951 0.012838801711840228 
0.010071942446043165 0.9769784172661871 0.012949640287769784 
0.014354066985645933 0.023923444976076555 0.9617224880382775 
</TABLE>
</DEFINITION>
<DEFINITION>
<FOR>FiO2</FOR>
	<GIVEN>VentAlv</GIVEN>
	<GIVEN>PVSat</GIVEN>
<TABLE>
0.9997598693689367 2.4013063106329843E-4 
0.49502487562189057 0.5049751243781094 
0.9942263279445728 0.005773672055427252 
0.9722222222222222 0.027777777777777776 
0.9907614781634938 0.009238521836506159 
0.9705882352941176 0.029411764705882353 
0.8846153846153846 0.11538461538461539 
0.9897554527428949 0.010244547257105089 
0.9791666666666666 0.020833333333333332 
0.875 0.125 
0.39285714285714285 0.6071428571428571 
0.9991349480968859 8.650519031141869E-4 
</TABLE>
</DEFINITION>
<DEFINITION>
<FOR>ArtCO2</FOR>
	<GIVEN>VentAlv</GIVEN>
	<GIVEN>HRBP</GIVEN>
<TABLE>
0.940255272924776 0.03919616185389699 0.02054856522132706 
0.9417828987265009 0.03699211643420255 0.021224984839296544 
0.8889007129935086 0.039693519208257956 0.07140576779823347 
0.014492753623188406 0.014492753623188406 0.9710144927536232 
0.006134969325153374 0.018404907975460124 0.9754601226993865 
0.011003667889296432 0.010336778926308769 0.9786595531843948 
0.010845986984815618 0.010845986984815618 0.9783080260303688 
0.008264462809917356 0.008264462809917356 0.9834710743801653 
0.009916699722332408 0.00753669178897263 0.982546608488695 
0.09652509652509653 0.8970398970398971 0.006435006435006435 
0.1111111111111111 0.8803418803418803 0.008547008547008548 
0.09634551495016612 0.8737541528239202 0.029900332225913623 
</TABLE>
</DEFINITION>
<DEFINITION>
<FOR>Intubation</FOR>
	<GIVEN>VentAlv</GIVEN>
	<GIVEN>VentTube</GIVEN>
	<GIVEN>Shunt</GIVEN>
	<GIVEN>KinkedTube</GIVEN>
	<GIVEN>Press</GIVEN>
	<GIVEN>VentLung</GIVEN>
<TABLE>
0.9998997543982758 5.0122800862112174E-5 5.0122800862112174E-5 
0.6 0.2 0.2 
0.6 0.2 0.2 
0.7777777777777778 0.1111111111111111 0.1111111111111111 
0.9895287958115183 0.005235602094240838 0.005235602094240838 
0.1111111111111111 0.1111111111111111 0.7777777777777778 
0.3333333333333333 0.3333333333333333 0.3333333333333333 
0.2 0.2 0.6 
0.9817351598173516 0.0045662100456621 0.0136986301369863 
0.06666666666666667 0.06666666666666667 0.8666666666666667 
0.3333333333333333 0.3333333333333333 0.3333333333333333 
0.3333333333333333 0.3333333333333333 0.3333333333333333 
0.9502487562189055 0.04477611940298507 0.004975124378109453 
0.3333333333333333 0.3333333333333333 0.3333333333333333 
0.3333333333333333 0.3333333333333333 0.3333333333333333 
0.3333333333333333 0.3333333333333333 0.3333333333333333 
0.3333333333333333 0.3333333333333333 0.3333333333333333 
0.3333333333333333 0.3333333333333333 0.3333333333333333 
0.6 0.2 0.2 
0.3333333333333333 0.3333333333333333 0.3333333333333333 
0.3333333333333333 0.3333333333333333 0.3333333333333333 
0.3333333333333333 0.3333333333333333 0.3333333333333333 
0.3333333333333333 0.3333333333333333 0.3333333333333333 
0.3333333333333333 0.3333333333333333 0.3333333333333333 
0.3333333333333333 0.3333333333333333 0.3333333333333333 
0.3333333333333333 0.3333333333333333 0.3333333333333333 
0.6 0.2 0.2 
0.3333333333333333 0.3333333333333333 0.3333333333333333 
0.7777777777777778 0.1111111111111111 0.1111111111111111 
0.3333333333333333 0.3333333333333333 0.3333333333333333 
0.6 0.2 0.2 
0.3333333333333333 0.3333333333333333 0.3333333333333333 
0.9777942264988897 0.02146558105107328 7.401924500370096E-4 
0.3333333333333333 0.3333333333333333 0.3333333333333333 
0.3333333333333333 0.3333333333333333 0.3333333333333333 
0.3333333333333333 0.3333333333333333 0.3333333333333333 
0.8823529411764706 0.058823529411764705 0.058823529411764705 
0.3333333333333333 0.3333333333333333 0.3333333333333333 
0.3333333333333333 0.3333333333333333 0.3333333333333333 
0.3333333333333333 0.3333333333333333 0.3333333333333333 
0.8947368421052632 0.05263157894736842 0.05263157894736842 
0.2 0.2 0.6 
0.3333333333333333 0.3333333333333333 0.3333333333333333 
0.3333333333333333 0.3333333333333333 0.3333333333333333 
0.48717948717948717 0.48717948717948717 0.02564102564102564 
0.3333333333333333 0.3333333333333333 0.3333333333333333 
0.3333333333333333 0.3333333333333333 0.3333333333333333 
0.3333333333333333 0.3333333333333333 0.3333333333333333 
0.3333333333333333 0.3333333333333333 0.3333333333333333 
0.3333333333333333 0.3333333333333333 0.3333333333333333 
0.3333333333333333 0.3333333333333333 0.3333333333333333 
0.3333333333333333 0.3333333333333333 0.3333333333333333 
0.3333333333333333 0.3333333333333333 0.3333333333333333 
0.3333333333333333 0.3333333333333333 0.3333333333333333 
0.3333333333333333 0.3333333333333333 0.3333333333333333 
0.3333333333333333 0.3333333333333333 0.3333333333333333 
0.3333333333333333 0.3333333333333333 0.3333333333333333 
0.3333333333333333 0.3333333333333333 0.3333333333333333 
0.3333333333333333 0.3333333333333333 0.3333333333333333 
0.3333333333333333 0.3333333333333333 0.3333333333333333 
0.3333333333333333 0.3333333333333333 0.3333333333333333 
0.6 0.2 0.2 
0.3333333333333333 0.3333333333333333 0.3333333333333333 
0.3333333333333333 0.3333333333333333 0.3333333333333333 
0.6 0.2 0.2 
0.3333333333333333 0.3333333333333333 0.3333333333333333 
0.3333333333333333 0.3333333333333333 0.3333333333333333 
0.3333333333333333 0.3333333333333333 0.3333333333333333 
0.8666666666666667 0.06666666666666667 0.06666666666666667 
0.7333333333333333 0.06666666666666667 0.2 
0.3333333333333333 0.3333333333333333 0.3333333333333333 
0.3333333333333333 0.3333333333333333 0.3333333333333333 
0.3333333333333333 0.3333333333333333 0.3333333333333333 
0.6 0.2 0.2 
0.3333333333333333 0.3333333333333333 0.3333333333333333 
0.3333333333333333 0.3333333333333333 0.3333333333333333 
0.3333333333333333 0.3333333333333333 0.3333333333333333 
0.3333333333333333 0.3333333333333333 0.3333333333333333 
0.3333333333333333 0.3333333333333333 0.3333333333333333 
0.3333333333333333 0.3333333333333333 0.3333333333333333 
0.3333333333333333 0.3333333333333333 0.3333333333333333 
0.3333333333333333 0.3333333333333333 0.3333333333333333 
0.3333333333333333 0.3333333333333333 0.3333333333333333 
0.3333333333333333 0.3333333333333333 0.3333333333333333 
0.3333333333333333 0.3333333333333333 0.3333333333333333 
0.7142857142857143 0.14285714285714285 0.14285714285714285 
0.3333333333333333 0.3333333333333333 0.3333333333333333 
0.3333333333333333 0.3333333333333333 0.3333333333333333 
0.3333333333333333 0.3333333333333333 0.3333333333333333 
0.3333333333333333 0.3333333333333333 0.3333333333333333 
0.3333333333333333 0.3333333333333333 0.3333333333333333 
0.3333333333333333 0.3333333333333333 0.3333333333333333 
0.3333333333333333 0.3333333333333333 0.3333333333333333 
0.3333333333333333 0.3333333333333333 0.3333333333333333 
0.3333333333333333 0.3333333333333333 0.3333333333333333 
0.3333333333333333 0.3333333333333333 0.3333333333333333 
0.3333333333333333 0.3333333333333333 0.3333333333333333 
0.3333333333333333 0.3333333333333333 0.3333333333333333 
0.3333333333333333 0.3333333333333333 0.3333333333333333 
0.3333333333333333 0.3333333333333333 0.3333333333333333 
0.3333333333333333 0.3333333333333333 0.3333333333333333 
0.2 0.6 0.2 
0.3333333333333333 0.3333333333333333 0.3333333333333333 
0.3333333333333333 0.3333333333333333 0.3333333333333333 
0.3333333333333333 0.3333333333333333 0.3333333333333333 
0.3333333333333333 0.3333333333333333 0.3333333333333333 
0.3333333333333333 0.3333333333333333 0.3333333333333333 
0.3333333333333333 0.3333333333333333 0.3333333333333333 
0.3333333333333333 0.3333333333333333 0.3333333333333333 
0.3333333333333333 0.3333333333333333 0.3333333333333333 
0.3333333333333333 0.3333333333333333 0.3333333333333333 
0.3333333333333333 0.3333333333333333 0.3333333333333333 
0.3333333333333333 0.3333333333333333 0.3333333333333333 
0.3333333333333333 0.3333333333333333 0.3333333333333333 
0.3333333333333333 0.3333333333333333 0.3333333333333333 
0.3333333333333333 0.3333333333333333 0.3333333333333333 
0.3333333333333333 0.3333333333333333 0.3333333333333333 
0.3333333333333333 0.3333333333333333 0.3333333333333333 
0.3333333333333333 0.3333333333333333 0.3333333333333333 
0.3333333333333333 0.3333333333333333 0.3333333333333333 
0.3333333333333333 0.3333333333333333 0.3333333333333333 
0.3333333333333333 0.3333333333333333 0.3333333333333333 
0.3333333333333333 0.3333333333333333 0.3333333333333333 
0.3333333333333333 0.3333333333333333 0.3333333333333333 
0.3333333333333333 0.3333333333333333 0.3333333333333333 
0.3333333333333333 0.3333333333333333 0.3333333333333333 
0.3333333333333333 0.3333333333333333 0.3333333333333333 
0.3333333333333333 0.3333333333333333 0.3333333333333333 
0.3333333333333333 0.3333333333333333 0.3333333333333333 
0.3333333333333333 0.3333333333333333 0.3333333333333333 
0.3333333333333333 0.3333333333333333 0.3333333333333333 
0.3333333333333333 0.3333333333333333 0.3333333333333333 
0.3333333333333333 0.3333333333333333 0.3333333333333333 
0.3333333333333333 0.3333333333333333 0.3333333333333333 
0.3333333333333333 0.3333333333333333 0.3333333333333333 
0.3333333333333333 0.3333333333333333 0.3333333333333333 
0.3333333333333333 0.3333333333333333 0.3333333333333333 
0.3333333333333333 0.3333333333333333 0.3333333333333333 
0.3333333333333333 0.3333333333333333 0.3333333333333333 
0.3333333333333333 0.3333333333333333 0.3333333333333333 
0.8461538461538461 0.07692307692307693 0.07692307692307693 
0.3333333333333333 0.3333333333333333 0.3333333333333333 
0.6 0.2 0.2 
0.8461538461538461 0.07692307692307693 0.07692307692307693 
0.3333333333333333 0.3333333333333333 0.3333333333333333 
0.3333333333333333 0.3333333333333333 0.3333333333333333 
0.3333333333333333 0.3333333333333333 0.3333333333333333 
0.3333333333333333 0.3333333333333333 0.3333333333333333 
0.3333333333333333 0.3333333333333333 0.3333333333333333 
0.3333333333333333 0.3333333333333333 0.3333333333333333 
0.3333333333333333 0.3333333333333333 0.3333333333333333 
0.3333333333333333 0.3333333333333333 0.3333333333333333 
0.3333333333333333 0.3333333333333333 0.3333333333333333 
0.3333333333333333 0.3333333333333333 0.3333333333333333 
0.3333333333333333 0.3333333333333333 0.3333333333333333 
0.3333333333333333 0.3333333333333333 0.3333333333333333 
0.3333333333333333 0.3333333333333333 0.3333333333333333 
0.3333333333333333 0.3333333333333333 0.3333333333333333 
0.3333333333333333 0.3333333333333333 0.3333333333333333 
0.3333333333333333 0.3333333333333333 0.3333333333333333 
0.3333333333333333 0.3333333333333333 0.3333333333333333 
0.3333333333333333 0.3333333333333333 0.3333333333333333 
0.3333333333333333 0.3333333333333333 0.3333333333333333 
0.3333333333333333 0.3333333333333333 0.3333333333333333 
0.3333333333333333 0.3333333333333333 0.3333333333333333 
0.3333333333333333 0.3333333333333333 0.3333333333333333 
0.3333333333333333 0.3333333333333333 0.3333333333333333 
0.3333333333333333 0.3333333333333333 0.3333333333333333 
0.3333333333333333 0.3333333333333333 0.3333333333333333 
0.3333333333333333 0.3333333333333333 0.3333333333333333 
0.3333333333333333 0.3333333333333333 0.3333333333333333 
0.3333333333333333 0.3333333333333333 0.3333333333333333 
0.3333333333333333 0.3333333333333333 0.3333333333333333 
0.3333333333333333 0.3333333333333333 0.3333333333333333 
0.3333333333333333 0.3333333333333333 0.3333333333333333 
0.2 0.6 0.2 
0.3333333333333333 0.3333333333333333 0.3333333333333333 
0.3333333333333333 0.3333333333333333 0.3333333333333333 
0.3333333333333333 0.3333333333333333 0.3333333333333333 
0.3333333333333333 0.3333333333333333 0.3333333333333333 
0.3333333333333333 0.3333333333333333 0.3333333333333333 
0.3333333333333333 0.3333333333333333 0.3333333333333333 
0.3333333333333333 0.3333333333333333 0.3333333333333333 
0.3333333333333333 0.3333333333333333 0.3333333333333333 
0.3333333333333333 0.3333333333333333 0.3333333333333333 
0.3333333333333333 0.3333333333333333 0.3333333333333333 
0.3333333333333333 0.3333333333333333 0.3333333333333333 
0.3333333333333333 0.3333333333333333 0.3333333333333333 
0.3333333333333333 0.3333333333333333 0.3333333333333333 
0.3333333333333333 0.3333333333333333 0.3333333333333333 
0.3333333333333333 0.3333333333333333 0.3333333333333333 
0.3333333333333333 0.3333333333333333 0.3333333333333333 
0.3333333333333333 0.3333333333333333 0.3333333333333333 
0.3333333333333333 0.3333333333333333 0.3333333333333333 
0.3333333333333333 0.3333333333333333 0.3333333333333333 
0.3333333333333333 0.3333333333333333 0.3333333333333333 
0.3333333333333333 0.3333333333333333 0.3333333333333333 
0.3333333333333333 0.3333333333333333 0.3333333333333333 
0.3333333333333333 0.3333333333333333 0.3333333333333333 
0.3333333333333333 0.3333333333333333 0.3333333333333333 
0.8181818181818182 0.09090909090909091 0.09090909090909091 
0.3333333333333333 0.3333333333333333 0.3333333333333333 
0.8181818181818182 0.09090909090909091 0.09090909090909091 
0.3333333333333333 0.3333333333333333 0.3333333333333333 
0.3333333333333333 0.3333333333333333 0.3333333333333333 
0.3333333333333333 0.3333333333333333 0.3333333333333333 
0.3333333333333333 0.3333333333333333 0.3333333333333333 
0.3333333333333333 0.3333333333333333 0.3333333333333333 
0.3333333333333333 0.3333333333333333 0.3333333333333333 
0.3333333333333333 0.3333333333333333 0.3333333333333333 
0.3333333333333333 0.3333333333333333 0.3333333333333333 
0.3333333333333333 0.3333333333333333 0.3333333333333333 
0.3333333333333333 0.3333333333333333 0.3333333333333333 
0.3333333333333333 0.3333333333333333 0.3333333333333333 
0.3333333333333333 0.3333333333333333 0.3333333333333333 
0.3333333333333333 0.3333333333333333 0.3333333333333333 
0.3333333333333333 0.3333333333333333 0.3333333333333333 
0.3333333333333333 0.3333333333333333 0.3333333333333333 
0.3333333333333333 0.3333333333333333 0.3333333333333333 
0.3333333333333333 0.3333333333333333 0.3333333333333333 
0.3333333333333333 0.3333333333333333 0.3333333333333333 
0.3333333333333333 0.3333333333333333 0.3333333333333333 
0.3333333333333333 0.3333333333333333 0.3333333333333333 
0.3333333333333333 0.3333333333333333 0.3333333333333333 
0.3333333333333333 0.3333333333333333 0.3333333333333333 
0.3333333333333333 0.3333333333333333 0.3333333333333333 
0.3333333333333333 0.3333333333333333 0.3333333333333333 
0.3333333333333333 0.3333333333333333 0.3333333333333333 
0.3333333333333333 0.3333333333333333 0.3333333333333333 
0.3333333333333333 0.3333333333333333 0.3333333333333333 
0.3333333333333333 0.3333333333333333 0.3333333333333333 
0.3333333333333333 0.3333333333333333 0.3333333333333333 
0.3333333333333333 0.3333333333333333 0.3333333333333333 
