<?xml version="1.0"?>
<!-- DTD for the XMLBIF 0.3 format -->
<!DOCTYPE BIF [
	<!ELEMENT BIF ( NETWORK )*>
	      <!ATTLIST BIF VERSION CDATA #REQUIRED>
	<!ELEMENT NETWORK ( NAME, ( PROPERTY | VARIABLE | DEFINITION )* )>
	<!ELEMENT NAME (#PCDATA)>
	<!ELEMENT VARIABLE ( NAME, ( OUTCOME |  PROPERTY )* ) >
	      <!ATTLIST VARIABLE TYPE (nature|decision|utility) "nature">
	<!ELEMENT OUTCOME (#PCDATA)>
	<!ELEMENT DEFINITION ( FOR | GIVEN | TABLE | PROPERTY )* >
	<!ELEMENT FOR (#PCDATA)>
	<!ELEMENT GIVEN (#PCDATA)>
	<!ELEMENT TABLE (#PCDATA)>
	<!ELEMENT PROPERTY (#PCDATA)>
]>


<BIF VERSION="0.3">
<NETWORK>
<NAME>alarm_15000</NAME>
<VARIABLE TYPE="nature">
	<NAME>Hypovolemia</NAME>
	<OUTCOME>FALSE</OUTCOME>
	<OUTCOME>TRUE</OUTCOME>
	<PROPERTY>position = (297,0)</PROPERTY>
</VARIABLE>
<VARIABLE TYPE="nature">
	<NAME>LVFailure</NAME>
	<OUTCOME>FALSE</OUTCOME>
	<OUTCOME>TRUE</OUTCOME>
	<PROPERTY>position = (198,0)</PROPERTY>
</VARIABLE>
<VARIABLE TYPE="nature">
	<NAME>History</NAME>
	<OUTCOME>FALSE</OUTCOME>
	<OUTCOME>TRUE</OUTCOME>
	<PROPERTY>position = (0,96)</PROPERTY>
</VARIABLE>
<VARIABLE TYPE="nature">
	<NAME>LVEDVolume</NAME>
	<OUTCOME>Normal</OUTCOME>
	<OUTCOME>High</OUTCOME>
	<OUTCOME>Low</OUTCOME>
	<PROPERTY>position = (99,96)</PROPERTY>
</VARIABLE>
<VARIABLE TYPE="nature">
	<NAME>StrokeVolume</NAME>
	<OUTCOME>Normal</OUTCOME>
	<OUTCOME>Low</OUTCOME>
	<OUTCOME>High</OUTCOME>
	<PROPERTY>position = (495,96)</PROPERTY>
</VARIABLE>
<VARIABLE TYPE="nature">
	<NAME>CVP</NAME>
	<OUTCOME>Normal</OUTCOME>
	<OUTCOME>Low</OUTCOME>
	<OUTCOME>High</OUTCOME>
	<PROPERTY>position = (99,192)</PROPERTY>
</VARIABLE>
<VARIABLE TYPE="nature">
	<NAME>PCWP</NAME>
	<OUTCOME>Normal</OUTCOME>
	<OUTCOME>High</OUTCOME>
	<OUTCOME>Low</OUTCOME>
	<PROPERTY>position = (0,192)</PROPERTY>
</VARIABLE>
<VARIABLE TYPE="nature">
	<NAME>CO</NAME>
	<OUTCOME>Normal</OUTCOME>
	<OUTCOME>Low</OUTCOME>
	<OUTCOME>High</OUTCOME>
	<PROPERTY>position = (594,192)</PROPERTY>
</VARIABLE>
<VARIABLE TYPE="nature">
	<NAME>InsuffAnesth</NAME>
	<OUTCOME>FALSE</OUTCOME>
	<OUTCOME>TRUE</OUTCOME>
	<PROPERTY>position = (792,288)</PROPERTY>
</VARIABLE>
<VARIABLE TYPE="nature">
	<NAME>Catechol</NAME>
	<OUTCOME>Normal</OUTCOME>
	<OUTCOME>High</OUTCOME>
	<PROPERTY>position = (693,384)</PROPERTY>
</VARIABLE>
<VARIABLE TYPE="nature">
	<NAME>PAP</NAME>
	<OUTCOME>High</OUTCOME>
	<OUTCOME>Normal</OUTCOME>
	<OUTCOME>Low</OUTCOME>
	<PROPERTY>position = (1089,384)</PROPERTY>
</VARIABLE>
<VARIABLE TYPE="nature">
	<NAME>PulmEmbolus</NAME>
	<OUTCOME>TRUE</OUTCOME>
	<OUTCOME>FALSE</OUTCOME>
	<PROPERTY>position = (1287,480)</PROPERTY>
</VARIABLE>
<VARIABLE TYPE="nature">
	<NAME>Shunt</NAME>
	<OUTCOME>Normal</OUTCOME>
	<OUTCOME>High</OUTCOME>
	<PROPERTY>position = (1188,576)</PROPERTY>
</VARIABLE>
<VARIABLE TYPE="nature">
	<NAME>HR</NAME>
	<OUTCOME>Normal</OUTCOME>
	<OUTCOME>Low</OUTCOME>
	<OUTCOME>High</OUTCOME>
	<PROPERTY>position = (198,480)</PROPERTY>
</VARIABLE>
<VARIABLE TYPE="nature">
	<NAME>ErrLowOutput</NAME>
	<OUTCOME>FALSE</OUTCOME>
	<OUTCOME>TRUE</OUTCOME>
	<PROPERTY>position = (99,480)</PROPERTY>
</VARIABLE>
<VARIABLE TYPE="nature">
	<NAME>Anaphylaxis</NAME>
	<OUTCOME>FALSE</OUTCOME>
	<OUTCOME>TRUE</OUTCOME>
	<PROPERTY>position = (693,480)</PROPERTY>
</VARIABLE>
<VARIABLE TYPE="nature">
	<NAME>TPR</NAME>
	<OUTCOME>High</OUTCOME>
	<OUTCOME>Normal</OUTCOME>
	<OUTCOME>Low</OUTCOME>
	<PROPERTY>position = (594,672)</PROPERTY>
</VARIABLE>
<VARIABLE TYPE="nature">
	<NAME>ErrCauter</NAME>
	<OUTCOME>FALSE</OUTCOME>
	<OUTCOME>TRUE</OUTCOME>
	<PROPERTY>position = (297,480)</PROPERTY>
</VARIABLE>
<VARIABLE TYPE="nature">
	<NAME>BP</NAME>
	<OUTCOME>High</OUTCOME>
	<OUTCOME>Low</OUTCOME>
	<OUTCOME>Normal</OUTCOME>
	<PROPERTY>position = (495,768)</PROPERTY>
</VARIABLE>
<VARIABLE TYPE="nature">
	<NAME>HRBP</NAME>
	<OUTCOME>Normal</OUTCOME>
	<OUTCOME>Low</OUTCOME>
	<OUTCOME>High</OUTCOME>
	<PROPERTY>position = (99,576)</PROPERTY>
</VARIABLE>
<VARIABLE TYPE="nature">
	<NAME>HREKG</NAME>
	<OUTCOME>Normal</OUTCOME>
	<OUTCOME>Low</OUTCOME>
	<OUTCOME>High</OUTCOME>
	<PROPERTY>position = (198,576)</PROPERTY>
</VARIABLE>
<VARIABLE TYPE="nature">
	<NAME>HRSat</NAME>
	<OUTCOME>Normal</OUTCOME>
	<OUTCOME>Low</OUTCOME>
	<OUTCOME>High</OUTCOME>
	<PROPERTY>position = (297,576)</PROPERTY>
</VARIABLE>
<VARIABLE TYPE="nature">
	<NAME>SaO2</NAME>
	<OUTCOME>Normal</OUTCOME>
	<OUTCOME>Low</OUTCOME>
	<OUTCOME>High</OUTCOME>
	<PROPERTY>position = (693,768)</PROPERTY>
</VARIABLE>
<VARIABLE TYPE="nature">
	<NAME>PVSat</NAME>
	<OUTCOME>Normal</OUTCOME>
	<OUTCOME>Low</OUTCOME>
	<OUTCOME>High</OUTCOME>
	<PROPERTY>position = (1089,864)</PROPERTY>
</VARIABLE>
<VARIABLE TYPE="nature">
	<NAME>FiO2</NAME>
	<OUTCOME>Normal</OUTCOME>
	<OUTCOME>Low</OUTCOME>
	<PROPERTY>position = (792,960)</PROPERTY>
</VARIABLE>
<VARIABLE TYPE="nature">
	<NAME>ArtCO2</NAME>
	<OUTCOME>Normal</OUTCOME>
	<OUTCOME>Low</OUTCOME>
	<OUTCOME>High</OUTCOME>
	<PROPERTY>position = (891,1056)</PROPERTY>
</VARIABLE>
<VARIABLE TYPE="nature">
	<NAME>Intubation</NAME>
	<OUTCOME>Normal</OUTCOME>
	<OUTCOME>OneSided</OUTCOME>
	<OUTCOME>Esophageal</OUTCOME>
	<PROPERTY>position = (1089,1152)</PROPERTY>
</VARIABLE>
<VARIABLE TYPE="nature">
	<NAME>VentAlv</NAME>
	<OUTCOME>Normal</OUTCOME>
	<OUTCOME>Zero</OUTCOME>
	<OUTCOME>Low</OUTCOME>
	<OUTCOME>High</OUTCOME>
	<PROPERTY>position = (693,1248)</PROPERTY>
</VARIABLE>
<VARIABLE TYPE="nature">
	<NAME>MinVol</NAME>
	<OUTCOME>Zero</OUTCOME>
	<OUTCOME>Normal</OUTCOME>
	<OUTCOME>Low</OUTCOME>
	<OUTCOME>High</OUTCOME>
	<PROPERTY>position = (891,1344)</PROPERTY>
</VARIABLE>
<VARIABLE TYPE="nature">
	<NAME>VentLung</NAME>
	<OUTCOME>Normal</OUTCOME>
	<OUTCOME>Zero</OUTCOME>
	<OUTCOME>Low</OUTCOME>
	<OUTCOME>High</OUTCOME>
	<PROPERTY>position = (792,1440)</PROPERTY>
</VARIABLE>
<VARIABLE TYPE="nature">
	<NAME>ExpCO2</NAME>
	<OUTCOME>Normal</OUTCOME>
	<OUTCOME>Low</OUTCOME>
	<OUTCOME>Zero</OUTCOME>
	<OUTCOME>High</OUTCOME>
	<PROPERTY>position = (693,1536)</PROPERTY>
</VARIABLE>
<VARIABLE TYPE="nature">
	<NAME>KinkedTube</NAME>
	<OUTCOME>FALSE</OUTCOME>
	<OUTCOME>TRUE</OUTCOME>
	<PROPERTY>position = (1089,1536)</PROPERTY>
</VARIABLE>
<VARIABLE TYPE="nature">
	<NAME>Press</NAME>
	<OUTCOME>Normal</OUTCOME>
	<OUTCOME>Zero</OUTCOME>
	<OUTCOME>Low</OUTCOME>
	<OUTCOME>High</OUTCOME>
	<PROPERTY>position = (990,1632)</PROPERTY>
</VARIABLE>
<VARIABLE TYPE="nature">
	<NAME>VentTube</NAME>
	<OUTCOME>Normal</OUTCOME>
	<OUTCOME>Zero</OUTCOME>
	<OUTCOME>High</OUTCOME>
	<OUTCOME>Low</OUTCOME>
	<PROPERTY>position = (990,1728)</PROPERTY>
</VARIABLE>
<VARIABLE TYPE="nature">
	<NAME>VentMach</NAME>
	<OUTCOME>Normal</OUTCOME>
	<OUTCOME>High</OUTCOME>
	<OUTCOME>Zero</OUTCOME>
	<OUTCOME>Low</OUTCOME>
	<PROPERTY>position = (1485,1824)</PROPERTY>
</VARIABLE>
<VARIABLE TYPE="nature">
	<NAME>Disconnect</NAME>
	<OUTCOME>FALSE</OUTCOME>
	<OUTCOME>TRUE</OUTCOME>
	<PROPERTY>position = (1188,1920)</PROPERTY>
</VARIABLE>
<VARIABLE TYPE="nature">
	<NAME>MinVolSet</NAME>
	<OUTCOME>Normal</OUTCOME>
	<OUTCOME>High</OUTCOME>
	<OUTCOME>Low</OUTCOME>
	<PROPERTY>position = (891,288)</PROPERTY>
</VARIABLE>
<DEFINITION>
<FOR>Hypovolemia</FOR>
<TABLE>
0.7996466902206519 0.20035330977934804 
</TABLE>
</DEFINITION>
<DEFINITION>
<FOR>LVFailure</FOR>
<TABLE>
0.9562362509166056 0.04376374908339444 
</TABLE>
</DEFINITION>
<DEFINITION>
<FOR>History</FOR>
	<GIVEN>LVFailure</GIVEN>
<TABLE>
0.9920878354827466 0.0079121645172534 
0.10578386605783865 0.8942161339421614 
</TABLE>
</DEFINITION>
<DEFINITION>
<FOR>LVEDVolume</FOR>
	<GIVEN>Hypovolemia</GIVEN>
	<GIVEN>LVFailure</GIVEN>
<TABLE>
0.9015808039019292 0.048991856464747637 0.04942733963332317 
0.09777347531461762 0.8896418199419167 0.012584704743465635 
0.009945908218461 0.012039783632873844 0.9780143081486652 
0.06666666666666667 0.010526315789473684 0.9228070175438596 
</TABLE>
</DEFINITION>
<DEFINITION>
<FOR>StrokeVolume</FOR>
	<GIVEN>Hypovolemia</GIVEN>
	<GIVEN>LVFailure</GIVEN>
<TABLE>
0.8992291947916213 0.04994991943561381 0.05082088577276488 
0.4927395934172314 0.5024201355275896 0.00484027105517909 
0.03821322631303437 0.9493980108183563 0.012388762868609317 
0.010526315789473684 0.9789473684210527 0.010526315789473684 
</TABLE>
</DEFINITION>
<DEFINITION>
<FOR>CVP</FOR>
	<GIVEN>LVEDVolume</GIVEN>
<TABLE>
0.9501891853058096 0.038459696345610424 0.011351118348579914 
0.28794326241134754 0.013711583924349883 0.6983451536643026 
0.04148253741981468 0.9464005702066999 0.012116892373485389 
</TABLE>
</DEFINITION>
<DEFINITION>
<FOR>PCWP</FOR>
	<GIVEN>LVEDVolume</GIVEN>
<TABLE>
0.9488481249101969 0.010776378179031564 0.04037549691077159 
0.03640661938534279 0.9555555555555556 0.008037825059101654 
0.042052744119743406 0.008980755523877405 0.9489665003563792 
</TABLE>
</DEFINITION>
<DEFINITION>
<FOR>CO</FOR>
	<GIVEN>StrokeVolume</GIVEN>
<TABLE>
0.4267271621684831 0.06590579540670752 0.5073670424248093 
0.11225457007447529 0.879214624238321 0.008530805687203791 
0.1710843373493976 0.03453815261044177 0.7943775100401607 
</TABLE>
</DEFINITION>
<DEFINITION>
<FOR>InsuffAnesth</FOR>
	<GIVEN>CO</GIVEN>
	<GIVEN>StrokeVolume</GIVEN>
<TABLE>
0.9345681718544498 0.0654318281455502 
0.7024096385542169 0.29759036144578316 
0.9579439252336449 0.04205607476635514 
0.9354609929078014 0.06453900709219858 
0.8215275639051433 0.1784724360948568 
0.8863636363636364 0.11363636363636363 
0.6726585545722714 0.32734144542772864 
0.640625 0.359375 
0.7606060606060606 0.23939393939393938 
</TABLE>
</DEFINITION>
<DEFINITION>
<FOR>Catechol</FOR>
	<GIVEN>CO</GIVEN>
	<GIVEN>InsuffAnesth</GIVEN>
	<GIVEN>StrokeVolume</GIVEN>
	<GIVEN>MinVolSet</GIVEN>
<TABLE>
0.8741067174845164 0.12589328251548357 
0.97 0.03 
0.4166666666666667 0.5833333333333334 
0.196113074204947 0.803886925795053 
0.5 0.5 
0.08333333333333333 0.9166666666666666 
0.8970588235294118 0.10294117647058823 
0.75 0.25 
0.5 0.5 
0.11937716262975778 0.8806228373702422 
0.5 0.5 
0.21428571428571427 0.7857142857142857 
0.0040650406504065045 0.9959349593495935 
0.25 0.75 
0.5 0.5 
0.1 0.9 
0.5 0.5 
0.5 0.5 
0.8430321592649311 0.15696784073506892 
0.9 0.1 
0.375 0.625 
0.5369448698315467 0.4630551301684533 
0.7166666666666667 0.2833333333333333 
0.017857142857142856 0.9821428571428571 
0.775 0.225 
0.5 0.5 
0.5 0.5 
0.03571428571428571 0.9642857142857143 
0.16666666666666666 0.8333333333333334 
0.16666666666666666 0.8333333333333334 
0.020104895104895104 0.9798951048951049 
0.125 0.875 
0.08333333333333333 0.9166666666666666 
0.16666666666666666 0.8333333333333334 
0.5 0.5 
0.5 0.5 
0.023200224971878514 0.9767997750281214 
0.09259259259259259 0.9074074074074074 
0.007352941176470588 0.9926470588235294 
0.40476190476190477 0.5952380952380952 
0.5 0.5 
0.5 0.5 
0.4116847826086957 0.5883152173913043 
0.35714285714285715 0.6428571428571429 
0.125 0.875 
0.0014475969889982628 0.9985524030110018 
0.021739130434782608 0.9782608695652174 
0.017857142857142856 0.9821428571428571 
0.125 0.875 
0.5 0.5 
0.5 0.5 
0.029411764705882353 0.9705882352941176 
0.5 0.5 
0.5 0.5 
</TABLE>
</DEFINITION>
<DEFINITION>
<FOR>PAP</FOR>
<TABLE>
0.0552944705529447 0.8975435789754358 0.0471619504716195 
</TABLE>
</DEFINITION>
<DEFINITION>
<FOR>PulmEmbolus</FOR>
	<GIVEN>PAP</GIVEN>
	<GIVEN>Catechol</GIVEN>
<TABLE>
0.053082191780821915 0.946917808219178 
0.1790352504638219 0.8209647495361782 
4.4802867383512545E-4 0.9995519713261649 
0.003233578493532843 0.9967664215064671 
0.0016835016835016834 0.9983164983164983 
0.0036407766990291263 0.9963592233009708 
</TABLE>
</DEFINITION>
<DEFINITION>
<FOR>Shunt</FOR>
	<GIVEN>Catechol</GIVEN>
	<GIVEN>PulmEmbolus</GIVEN>
	<GIVEN>InsuffAnesth</GIVEN>
<TABLE>
0.6388888888888888 0.3611111111111111 
0.5 0.5 
0.9913863822805579 0.008613617719442166 
0.9553571428571429 0.044642857142857144 
0.03535353535353535 0.9646464646464646 
0.14 0.86 
0.8106047627205757 0.18939523727942437 
0.8896419881821341 0.11035801181786584 
</TABLE>
</DEFINITION>
<DEFINITION>
<FOR>HR</FOR>
	<GIVEN>Catechol</GIVEN>
	<GIVEN>CO</GIVEN>
	<GIVEN>StrokeVolume</GIVEN>
<TABLE>
0.9938870431893688 0.0054485049833887045 6.64451827242525E-4 
0.811965811965812 0.05982905982905983 0.1282051282051282 
0.8609625668449198 0.13368983957219252 0.0053475935828877 
0.3004484304932735 0.6986547085201794 8.968609865470852E-4 
0.8899338209683038 0.09648206199930338 0.013584117032392894 
0.15151515151515152 0.8181818181818182 0.030303030303030304 
0.4514285714285714 0.06285714285714286 0.4857142857142857 
0.9047619047619048 0.047619047619047616 0.047619047619047616 
0.9873015873015873 0.0031746031746031746 0.009523809523809525 
0.718028696194635 0.0031191515907673115 0.27885215221459764 
0.026499302649930265 0.001394700139470014 0.9721059972105998 
0.6129032258064516 0.0967741935483871 0.2903225806451613 
0.2040133779264214 0.431438127090301 0.36454849498327757 
0.09842845326716294 0.01240694789081886 0.8891645988420182 
0.06666666666666667 0.2 0.7333333333333333 
0.0017795260841060223 4.6829633792263745E-4 0.9977521775779713 
0.06382978723404255 0.02127659574468085 0.9148936170212766 
0.05743740795287187 0.0014727540500736377 0.9410898379970545 
</TABLE>
</DEFINITION>
<DEFINITION>
<FOR>ErrLowOutput</FOR>
<TABLE>
0.9467035530964603 0.05329644690353976 
</TABLE>
</DEFINITION>
<DEFINITION>
<FOR>Anaphylaxis</FOR>
	<GIVEN>Catechol</GIVEN>
<TABLE>
0.9987838495216474 0.0012161504783525215 
0.9867006225240521 0.013299377475947935 
</TABLE>
</DEFINITION>
<DEFINITION>
<FOR>TPR</FOR>
	<GIVEN>Catechol</GIVEN>
	<GIVEN>InsuffAnesth</GIVEN>
	<GIVEN>Shunt</GIVEN>
	<GIVEN>Anaphylaxis</GIVEN>
<TABLE>
0.3881769326167838 0.5313766019016123 0.08044646548160397 
0.058823529411764705 0.17647058823529413 0.7647058823529411 
0.2605042016806723 0.5294117647058824 0.21008403361344538 
0.3333333333333333 0.3333333333333333 0.3333333333333333 
0.6146788990825688 0.26605504587155965 0.11926605504587157 
0.3333333333333333 0.3333333333333333 0.3333333333333333 
0.14285714285714285 0.42857142857142855 0.42857142857142855 
0.3333333333333333 0.3333333333333333 0.3333333333333333 
0.16754433100483612 0.2341751746372918 0.5982804943578721 
0.005917159763313609 0.005917159763313609 0.9881656804733728 
0.31766680654637014 0.3814519513218632 0.3008812421317667 
0.043478260869565216 0.043478260869565216 0.9130434782608695 
0.28281834284589646 0.4052351899232435 0.31194646723086006 
0.10204081632653061 0.02040816326530612 0.8775510204081632 
0.3293943870014771 0.33825701624815363 0.33234859675036926 
0.2 0.2 0.6 
</TABLE>
</DEFINITION>
<DEFINITION>
<FOR>ErrCauter</FOR>
<TABLE>
0.8983734417705487 0.10162655822945137 
</TABLE>
</DEFINITION>
<DEFINITION>
<FOR>BP</FOR>
	<GIVEN>TPR</GIVEN>
	<GIVEN>CO</GIVEN>
<TABLE>
0.5338723166991916 0.044326735433509894 0.4218009478672986 
0.10003985651654046 0.2961339178955759 0.6038262255878836 
0.8954833893243748 0.007838745800671893 0.09667786487495333 
0.046352109748493034 0.10081064227811266 0.8528372479733943 
0.010513667768098528 0.9837789125863623 0.005707419645539201 
0.7351768146769476 0.052379686253655945 0.21244349906939644 
0.011844331641285956 0.9796954314720813 0.008460236886632826 
0.008991954566966399 0.9772834831992427 0.01372456223379082 
0.007136322049405307 0.9041171088746569 0.08874656907593778 
</TABLE>
</DEFINITION>
<DEFINITION>
<FOR>HRBP</FOR>
	<GIVEN>HR</GIVEN>
	<GIVEN>ErrLowOutput</GIVEN>
<TABLE>
0.9804490100240245 0.007704415541380167 0.011846574434595311 
0.6224 0.3696 0.008 
0.01320901320901321 0.9829059829059829 0.003885003885003885 
0.015873015873015872 0.9365079365079365 0.047619047619047616 
0.00896831196439248 0.008569720321530592 0.9824619677140769 
0.41893362350380847 0.29053318824809576 0.29053318824809576 
</TABLE>
</DEFINITION>
<DEFINITION>
<FOR>HREKG</FOR>
	<GIVEN>HR</GIVEN>
	<GIVEN>ErrCauter</GIVEN>
<TABLE>
0.9808081697332511 0.009771986970684038 0.009419843296064795 
0.32535527299925204 0.337322363500374 0.337322363500374 
0.007518796992481203 0.9866332497911445 0.005847953216374269 
0.28104575163398693 0.39869281045751637 0.3202614379084967 
0.011315515446025685 0.008677542519958347 0.980006942034016 
0.3541799617102744 0.3541799617102744 0.2916400765794512 
</TABLE>
</DEFINITION>
<DEFINITION>
<FOR>HRSat</FOR>
	<GIVEN>HR</GIVEN>
	<GIVEN>ErrCauter</GIVEN>
<TABLE>
0.9779910203362973 0.00906769962144555 0.01294128004225724 
0.31488406881077036 0.3343305908750935 0.3507853403141361 
0.009189640768588136 0.9883040935672515 0.002506265664160401 
0.46405228758169936 0.21568627450980393 0.3202614379084967 
0.009232905241235682 0.009788267962513017 0.9809788267962513 
0.32737715379706445 0.35928525845564774 0.3133375877472878 
</TABLE>
</DEFINITION>
<DEFINITION>
<FOR>SaO2</FOR>
	<GIVEN>Catechol</GIVEN>
	<GIVEN>Shunt</GIVEN>
	<GIVEN>TPR</GIVEN>
	<GIVEN>InsuffAnesth</GIVEN>
<TABLE>
0.8965296998083884 0.003619331488183947 0.09985096870342772 
0.855072463768116 0.07246376811594203 0.07246376811594203 
0.8892862696314725 0.0035764266832529934 0.10713730368527445 
0.3548387096774194 0.16129032258064516 0.4838709677419355 
0.47922998986828774 0.00911854103343465 0.5116514690982776 
0.6 0.2 0.2 
0.2727272727272727 0.6363636363636364 0.09090909090909091 
0.3333333333333333 0.3333333333333333 0.3333333333333333 
0.26153846153846155 0.5384615384615384 0.2 
0.2 0.6 0.2 
0.037037037037037035 0.5555555555555556 0.4074074074074074 
0.2 0.6 0.2 
0.21076233183856502 0.7591287636130686 0.03010890454836643 
0.6964656964656964 0.2363132363132363 0.06722106722106722 
0.22512608895002292 0.7679963319578175 0.0068775790921595595 
0.7098495875788452 0.21591460456089276 0.07423580786026202 
0.7415867480383609 0.24986922406277245 0.008544027898866609 
0.7311233885819521 0.18723143032535297 0.0816451810926949 
0.011857707509881422 0.9736495388669302 0.014492753623188406 
0.07555555555555556 0.92 0.0044444444444444444 
0.012074643249176729 0.986827661909989 0.0010976948408342481 
0.012987012987012988 0.9826839826839827 0.004329004329004329 
0.02029769959404601 0.972936400541272 0.006765899864682003 
0.03056768558951965 0.9563318777292577 0.013100436681222707 
</TABLE>
</DEFINITION>
<DEFINITION>
<FOR>PVSat</FOR>
	<GIVEN>SaO2</GIVEN>
	<GIVEN>Shunt</GIVEN>
	<GIVEN>MinVolSet</GIVEN>
	<GIVEN>PulmEmbolus</GIVEN>
<TABLE>
0.9259259259259259 0.037037037037037035 0.037037037037037035 
0.9964500130514226 0.0025580788305925345 9.919081179848603E-4 
0.3333333333333333 0.3333333333333333 0.3333333333333333 
0.8666666666666667 0.06666666666666667 0.06666666666666667 
0.3333333333333333 0.3333333333333333 0.3333333333333333 
0.7647058823529411 0.058823529411764705 0.17647058823529413 
0.6 0.2 0.2 
0.189873417721519 0.34177215189873417 0.46835443037974683 
0.3333333333333333 0.3333333333333333 0.3333333333333333 
0.2 0.2 0.6 
0.3333333333333333 0.3333333333333333 0.3333333333333333 
0.3333333333333333 0.3333333333333333 0.3333333333333333 
0.1111111111111111 0.7777777777777778 0.1111111111111111 
0.033822091886608015 0.9612903225806452 0.004887585532746823 
0.3333333333333333 0.3333333333333333 0.3333333333333333 
0.01818181818181818 0.9272727272727272 0.05454545454545454 
0.3333333333333333 0.3333333333333333 0.3333333333333333 
0.003745318352059925 0.9925093632958801 0.003745318352059925 
0.7276595744680852 0.2425531914893617 0.029787234042553193 
0.4174757281553398 0.5505213951815894 0.03200287666307084 
0.2 0.2 0.6 
0.030303030303030304 0.6363636363636364 0.3333333333333333 
0.1111111111111111 0.7777777777777778 0.1111111111111111 
0.03225806451612903 0.9354838709677419 0.03225806451612903 
0.14285714285714285 0.14285714285714285 0.7142857142857143 
0.11225012813941568 0.023065094823167605 0.8646847770374168 
0.3333333333333333 0.3333333333333333 0.3333333333333333 
0.014492753623188406 0.004830917874396135 0.9806763285024155 
0.3333333333333333 0.3333333333333333 0.3333333333333333 
0.06666666666666667 0.06666666666666667 0.8666666666666667 
0.2 0.6 0.2 
0.3170731707317073 0.6097560975609756 0.07317073170731707 
0.3333333333333333 0.3333333333333333 0.3333333333333333 
0.3333333333333333 0.3333333333333333 0.3333333333333333 
0.3333333333333333 0.3333333333333333 0.3333333333333333 
0.3333333333333333 0.3333333333333333 0.3333333333333333 
</TABLE>
</DEFINITION>
<DEFINITION>
<FOR>FiO2</FOR>
	<GIVEN>PVSat</GIVEN>
	<GIVEN>Shunt</GIVEN>
<TABLE>
0.9997439573945105 2.5604260548955346E-4 
0.9977941176470588 0.0022058823529411764 
0.9510318949343339 0.04896810506566604 
0.987603305785124 0.012396694214876033 
0.9974385245901639 0.0025614754098360654 
0.9932432432432432 0.006756756756756757 
</TABLE>
</DEFINITION>
<DEFINITION>
<FOR>ArtCO2</FOR>
	<GIVEN>PVSat</GIVEN>
	<GIVEN>FiO2</GIVEN>
	<GIVEN>Catechol</GIVEN>
	<GIVEN>MinVolSet</GIVEN>
<TABLE>
0.9458548009367681 0.0390632318501171 0.015081967213114755 
0.6 0.2 0.2 
0.6 0.2 0.2 
0.8858882451144063 0.040557792399096536 0.07355396248649711 
0.3333333333333333 0.6 0.06666666666666667 
0.5384615384615384 0.07692307692307693 0.38461538461538464 
0.6 0.2 0.2 
0.3333333333333333 0.3333333333333333 0.3333333333333333 
0.3333333333333333 0.3333333333333333 0.3333333333333333 
0.42857142857142855 0.14285714285714285 0.42857142857142855 
0.3333333333333333 0.3333333333333333 0.3333333333333333 
0.3333333333333333 0.3333333333333333 0.3333333333333333 
0.1111111111111111 0.008547008547008548 0.8803418803418803 
0.3333333333333333 0.3333333333333333 0.3333333333333333 
0.2 0.2 0.6 
0.03590234561991384 0.010052656773575874 0.9540449976065103 
0.014084507042253521 0.07042253521126761 0.9154929577464789 
0.030508474576271188 0.010169491525423728 0.9593220338983051 
0.5555555555555556 0.3333333333333333 0.1111111111111111 
0.3333333333333333 0.3333333333333333 0.3333333333333333 
0.3333333333333333 0.3333333333333333 0.3333333333333333 
0.6826568265682657 0.055350553505535055 0.26199261992619927 
0.2 0.6 0.2 
0.14285714285714285 0.14285714285714285 0.7142857142857143 
0.49372693726937267 0.47306273062730625 0.033210332103321034 
0.04242424242424243 0.9515151515151515 0.006060606060606061 
0.17647058823529413 0.5294117647058824 0.29411764705882354 
0.42857142857142855 0.41291585127201563 0.15851272015655576 
0.11864406779661017 0.8305084745762712 0.05084745762711865 
0.3333333333333333 0.3333333333333333 0.3333333333333333 
0.7142857142857143 0.14285714285714285 0.14285714285714285 
0.3333333333333333 0.3333333333333333 0.3333333333333333 
0.3333333333333333 0.3333333333333333 0.3333333333333333 
0.3333333333333333 0.3333333333333333 0.3333333333333333 
0.3333333333333333 0.3333333333333333 0.3333333333333333 
0.3333333333333333 0.3333333333333333 0.3333333333333333 
</TABLE>
</DEFINITION>
<DEFINITION>
<FOR>Intubation</FOR>
	<GIVEN>Shunt</GIVEN>
	<GIVEN>PVSat</GIVEN>
	<GIVEN>ArtCO2</GIVEN>
	<GIVEN>PulmEmbolus</GIVEN>
<TABLE>
0.92 0.04 0.04 
0.998206579611052 5.043994843916382E-4 0.0012890209045564086 
0.6 0.2 0.2 
0.9924146649810367 0.0012642225031605564 0.006321112515802781 
0.3333333333333333 0.3333333333333333 0.3333333333333333 
0.984036488027366 0.0011402508551881414 0.014823261117445839 
0.3333333333333333 0.3333333333333333 0.3333333333333333 
0.9645569620253165 0.002531645569620253 0.03291139240506329 
0.3333333333333333 0.3333333333333333 0.3333333333333333 
0.971830985915493 0.014084507042253521 0.014084507042253521 
0.5555555555555556 0.1111111111111111 0.3333333333333333 
0.8195272353545735 0.011305241521068859 0.16916752312435765 
0.6 0.2 0.2 
0.9905325443786982 0.0035502958579881655 0.005917159763313609 
0.6 0.2 0.2 
0.9839518555667001 0.0010030090270812437 0.015045135406218655 
0.3333333333333333 0.3333333333333333 0.3333333333333333 
0.9469026548672567 0.008849557522123894 0.04424778761061947 
0.9883040935672515 0.005847953216374269 0.005847953216374269 
0.960252935862692 0.037037037037037035 0.0027100271002710027 
0.7142857142857143 0.14285714285714285 0.14285714285714285 
0.9111111111111111 0.06666666666666667 0.022222222222222223 
0.3333333333333333 0.3333333333333333 0.3333333333333333 
0.627906976744186 0.3488372093023256 0.023255813953488372 
0.7777777777777778 0.1111111111111111 0.1111111111111111 
0.5675675675675675 0.40540540540540543 0.02702702702702703 
0.6 0.2 0.2 
0.15789473684210525 0.7894736842105263 0.05263157894736842 
0.6610169491525424 0.2542372881355932 0.0847457627118644 
0.14104996837444655 0.8228969006957622 0.036053130929791274 
0.7142857142857143 0.14285714285714285 0.14285714285714285 
0.864406779661017 0.11864406779661017 0.01694915254237288 
0.6 0.2 0.2 
0.8208955223880597 0.16417910447761194 0.014925373134328358 
0.6 0.2 0.2 
0.14285714285714285 0.7142857142857143 0.14285714285714285 
</TABLE>
</DEFINITION>
<DEFINITION>
<FOR>VentAlv</FOR>
	<GIVEN>PVSat</GIVEN>
	<GIVEN>ArtCO2</GIVEN>
	<GIVEN>Intubation</GIVEN>
	<GIVEN>MinVolSet</GIVEN>
<TABLE>
0.9998425362166702 5.248792777661138E-5 5.248792777661138E-5 5.248792777661138E-5 
0.7 0.1 0.1 0.1 
0.75 0.08333333333333333 0.08333333333333333 0.08333333333333333 
0.9423076923076923 0.019230769230769232 0.019230769230769232 0.019230769230769232 
0.25 0.25 0.25 0.25 
0.25 0.25 0.25 0.25 
0.8928571428571429 0.03571428571428571 0.03571428571428571 0.03571428571428571 
0.25 0.25 0.25 0.25 
0.25 0.25 0.25 0.25 
0.9891041162227603 0.0036319612590799033 0.0012106537530266344 0.006053268765133172 
0.5833333333333334 0.08333333333333333 0.08333333333333333 0.25 
0.25 0.25 0.25 0.25 
0.5 0.16666666666666666 0.16666666666666666 0.16666666666666666 
0.25 0.25 0.25 0.25 
0.25 0.25 0.25 0.25 
0.375 0.375 0.125 0.125 
0.25 0.25 0.25 0.25 
0.25 0.25 0.25 0.25 
0.9650900900900901 0.019144144144144143 0.01463963963963964 0.0011261261261261261 
0.25 0.25 0.25 0.25 
0.125 0.125 0.625 0.125 
0.2777777777777778 0.2777777777777778 0.3888888888888889 0.05555555555555555 
0.25 0.25 0.25 0.25 
0.25 0.25 0.25 0.25 
0.0625 0.6875 0.1875 0.0625 
0.25 0.25 0.25 0.25 
0.25 0.25 0.25 0.25 
0.9084158415841584 0.05198019801980198 0.03217821782178218 0.007425742574257425 
0.25 0.25 0.25 0.25 
0.1 0.1 0.7 0.1 
0.0625 0.4375 0.4375 0.0625 
0.25 0.25 0.25 0.25 
0.16666666666666666 0.16666666666666666 0.5 0.16666666666666666 
0.0625 0.8125 0.0625 0.0625 
0.25 0.25 0.25 0.25 
0.25 0.25 0.25 0.25 
0.15714285714285714 0.44285714285714284 0.1 0.3 
0.125 0.125 0.125 0.625 
0.16666666666666666 0.16666666666666666 0.5 0.16666666666666666 
0.0625 0.0625 0.8125 0.0625 
0.16666666666666666 0.16666666666666666 0.5 0.16666666666666666 
0.25 0.25 0.25 0.25 
0.25 0.25 0.25 0.25 
0.25 0.25 0.25 0.25 
0.25 0.25 0.25 0.25 
0.006319514661274014 0.615520728008089 0.37790697674418605 2.527805864509606E-4 
0.022727272727272728 0.5227272727272727 0.4318181818181818 0.022727272727272728 
0.003816793893129771 0.15648854961832062 0.8358778625954199 0.003816793893129771 
7.429420505200594E-4 0.10029717682020803 0.8982169390787519 7.429420505200594E-4 
0.05 0.25 0.65 0.05 
0.07142857142857142 0.07142857142857142 0.7857142857142857 0.07142857142857142 
0.0011627906976744186 0.977906976744186 0.019767441860465116 0.0011627906976744186 
0.08333333333333333 0.75 0.08333333333333333 0.08333333333333333 
0.041666666666666664 0.875 0.041666666666666664 0.041666666666666664 
0.8922902494331065 0.0011337868480725624 0.0011337868480725624 0.1054421768707483 
0.0625 0.0625 0.0625 0.8125 
0.16666666666666666 0.16666666666666666 0.16666666666666666 0.5 
0.4166666666666667 0.08333333333333333 0.25 0.25 
0.25 0.25 0.25 0.25 
0.25 0.25 0.25 0.25 
0.125 0.125 0.125 0.625 
0.25 0.25 0.25 0.25 
0.25 0.25 0.25 0.25 
0.03493975903614458 0.006024096385542169 0.0012048192771084338 0.9578313253012049 
0.004807692307692308 0.004807692307692308 0.004807692307692308 0.9855769230769231 
0.08333333333333333 0.08333333333333333 0.08333333333333333 0.75 
0.07142857142857142 0.07142857142857142 0.07142857142857142 0.7857142857142857 
0.25 0.25 0.25 0.25 
0.25 0.25 0.25 0.25 
0.05555555555555555 0.05555555555555555 0.05555555555555555 0.8333333333333334 
0.25 0.25 0.25 0.25 
0.25 0.25 0.25 0.25 
0.4351851851851852 0.21296296296296297 0.25 0.10185185185185185 
0.16666666666666666 0.16666666666666666 0.16666666666666666 0.5 
0.125 0.125 0.625 0.125 
0.05555555555555555 0.05555555555555555 0.8333333333333334 0.05555555555555555 
0.25 0.25 0.25 0.25 
0.25 0.25 0.25 0.25 
0.1 0.7 0.1 0.1 
0.25 0.25 0.25 0.25 
0.25 0.25 0.25 0.25 
</TABLE>
</DEFINITION>
<DEFINITION>
<FOR>MinVol</FOR>
	<GIVEN>VentAlv</GIVEN>
	<GIVEN>Intubation</GIVEN>
	<GIVEN>MinVolSet</GIVEN>
<TABLE>
0.011144468704512373 0.9684770742358079 0.009779839883551675 0.010598617176128092 
0.0625 0.3125 0.0625 0.5625 
0.08333333333333333 0.5833333333333334 0.25 0.08333333333333333 
0.04838709677419355 0.8870967741935484 0.016129032258064516 0.04838709677419355 
0.25 0.25 0.25 0.25 
0.25 0.25 0.25 0.25 
0.8333333333333334 0.03333333333333333 0.1 0.03333333333333333 
0.25 0.25 0.25 0.25 
0.25 0.25 0.25 0.25 
0.8661137440758294 0.10150078988941548 0.02014218009478673 0.012243285939968405 
0.8846153846153846 0.038461538461538464 0.038461538461538464 0.038461538461538464 
0.9318181818181818 0.022727272727272728 0.022727272727272728 0.022727272727272728 
0.8445945945945946 0.07432432432432433 0.02027027027027027 0.060810810810810814 
0.625 0.125 0.125 0.125 
0.25 0.25 0.25 0.25 
0.9645308924485125 0.012585812356979404 0.008009153318077803 0.014874141876430207 
0.75 0.08333333333333333 0.08333333333333333 0.08333333333333333 
0.875 0.041666666666666664 0.041666666666666664 0.041666666666666664 
0.021235521235521235 0.15122265122265122 0.8153153153153153 0.012226512226512226 
0.045454545454545456 0.045454545454545456 0.7727272727272727 0.13636363636363635 
0.012605042016806723 0.012605042016806723 0.9537815126050421 0.02100840336134454 
0.016773162939297124 0.8666134185303515 0.07587859424920128 0.04073482428115016 
0.05555555555555555 0.05555555555555555 0.16666666666666666 0.7222222222222222 
0.0625 0.0625 0.6875 0.1875 
0.6818181818181818 0.13636363636363635 0.13636363636363635 0.045454545454545456 
0.25 0.25 0.25 0.25 
0.25 0.25 0.25 0.25 
0.03995680345572354 0.22570194384449244 0.03779697624190065 0.6965442764578834 
0.013157894736842105 0.013157894736842105 0.0043859649122807015 0.9692982456140351 
0.07142857142857142 0.07142857142857142 0.21428571428571427 0.6428571428571429 
0.1875 0.6875 0.0625 0.0625 
0.25 0.25 0.25 0.25 
0.25 0.25 0.25 0.25 
0.7727272727272727 0.045454545454545456 0.13636363636363635 0.045454545454545456 
0.25 0.25 0.25 0.25 
0.25 0.25 0.25 0.25 
</TABLE>
</DEFINITION>
<DEFINITION>
<FOR>VentLung</FOR>
	<GIVEN>MinVol</GIVEN>
	<GIVEN>VentAlv</GIVEN>
	<GIVEN>Intubation</GIVEN>
<TABLE>
0.907258064516129 0.0846774193548387 0.004032258064516129 0.004032258064516129 
0.16666666666666666 0.5 0.16666666666666666 0.16666666666666666 
0.03571428571428571 0.8214285714285714 0.03571428571428571 0.10714285714285714 
0.001328609388839681 0.9977856510186005 4.428697962798937E-4 4.428697962798937E-4 
0.007575757575757576 0.9772727272727273 0.007575757575757576 0.007575757575757576 
0.0011441647597254005 0.9965675057208238 0.0011441647597254005 0.0011441647597254005 
0.02631578947368421 0.39473684210526316 0.5526315789473685 0.02631578947368421 
0.7916666666666666 0.125 0.041666666666666664 0.041666666666666664 
0.05555555555555555 0.7222222222222222 0.16666666666666666 0.05555555555555555 
0.023809523809523808 0.6428571428571429 0.023809523809523808 0.30952380952380953 
0.16666666666666666 0.5 0.16666666666666666 0.16666666666666666 
0.05 0.15 0.05 0.75 
0.9998591813743898 4.693954187007135E-5 4.693954187007135E-5 4.693954187007135E-5 
0.9482758620689655 0.017241379310344827 0.017241379310344827 0.017241379310344827 
0.25 0.25 0.25 0.25 
0.8576923076923076 0.1346153846153846 0.0038461538461538464 0.0038461538461538464 
0.6428571428571429 0.21428571428571427 0.07142857142857142 0.07142857142857142 
0.07142857142857142 0.7857142857142857 0.07142857142857142 0.07142857142857142 
0.9041666666666667 0.004166666666666667 0.0875 0.004166666666666667 
0.9972426470588235 9.191176470588235E-4 9.191176470588235E-4 9.191176470588235E-4 
0.16666666666666666 0.16666666666666666 0.5 0.16666666666666666 
0.9579439252336449 0.004672897196261682 0.004672897196261682 0.03271028037383177 
0.7857142857142857 0.07142857142857142 0.07142857142857142 0.07142857142857142 
0.25 0.25 0.25 0.25 
0.9045454545454545 0.004545454545454545 0.08636363636363636 0.004545454545454545 
0.25 0.25 0.25 0.25 
0.5 0.16666666666666666 0.16666666666666666 0.16666666666666666 
0.018518518518518517 0.7222222222222222 0.24074074074074073 0.018518518518518517 
0.16666666666666666 0.16666666666666666 0.5 0.16666666666666666 
0.1 0.7 0.1 0.1 
6.613756613756613E-4 0.001984126984126984 0.9953703703703703 0.001984126984126984 
0.17272727272727273 0.00909090909090909 0.8090909090909091 0.00909090909090909 
0.16666666666666666 0.16666666666666666 0.5 0.16666666666666666 
0.125 0.025 0.525 0.325 
0.25 0.25 0.25 0.25 
0.16666666666666666 0.16666666666666666 0.16666666666666666 0.5 
0.9221311475409836 0.004098360655737705 0.004098360655737705 0.06967213114754098 
0.16666666666666666 0.16666666666666666 0.16666666666666666 0.5 
0.25 0.25 0.25 0.25 
0.08823529411764706 0.7941176470588235 0.029411764705882353 0.08823529411764706 
0.08333333333333333 0.5833333333333334 0.08333333333333333 0.25 
0.0625 0.8125 0.0625 0.0625 
0.17857142857142858 0.03571428571428571 0.5357142857142857 0.25 
0.16176470588235295 0.014705882352941176 0.04411764705882353 0.7794117647058824 
0.25 0.25 0.25 0.25 
0.001141552511415525 0.001141552511415525 0.001141552511415525 0.9965753424657534 
0.25 0.25 0.25 0.25 
0.25 0.25 0.25 0.25 
</TABLE>
</DEFINITION>
<DEFINITION>
<FOR>ExpCO2</FOR>
	<GIVEN>ArtCO2</GIVEN>
	<GIVEN>VentLung</GIVEN>
<TABLE>
0.9698360979462876 0.009231832543443917 0.011700236966824644 0.009231832543443917 
0.011904761904761904 0.011904761904761904 0.9404761904761905 0.03571428571428571 
0.9117647058823529 0.029411764705882353 0.029411764705882353 0.029411764705882353 
0.9553571428571429 0.026785714285714284 0.008928571428571428 0.008928571428571428 
0.010299625468164793 0.9653558052434457 0.008426966292134831 0.015917602996254682 
0.015151515151515152 0.015151515151515152 0.9242424242424242 0.045454545454545456 
0.027777777777777776 0.9166666666666666 0.027777777777777776 0.027777777777777776 
0.006024096385542169 0.9746987951807229 0.01325301204819277 0.006024096385542169 
0.013242375601926164 0.013242375601926164 0.010834670947030497 0.9626805778491172 
0.012238805970149255 0.009850746268656717 0.9680597014925373 0.009850746268656717 
0.010315533980582525 0.009101941747572815 0.010315533980582525 0.9702669902912622 
0.013888888888888888 0.013888888888888888 0.06944444444444445 0.9027777777777778 
</TABLE>
</DEFINITION>
<DEFINITION>
<FOR>KinkedTube</FOR>
	<GIVEN>VentLung</GIVEN>
	<GIVEN>MinVolSet</GIVEN>
	<GIVEN>Intubation</GIVEN>
<TABLE>
0.9996901558073654 3.098441926345609E-4 
0.9991694352159468 8.305647840531562E-4 
0.75 0.25 
0.8333333333333334 0.16666666666666666 
0.5 0.5 
0.5 0.5 
0.875 0.125 
0.5 0.5 
0.5 0.5 
0.8142006802721088 0.18579931972789115 
0.75 0.25 
0.9504405286343612 0.04955947136563876 
0.7083333333333334 0.2916666666666667 
0.5 0.5 
0.7 0.3 
0.7857142857142857 0.21428571428571427 
0.5 0.5 
0.9545454545454546 0.045454545454545456 
0.5486008836524301 0.45139911634756996 
0.6625 0.3375 
0.875 0.125 
0.3888888888888889 0.6111111111111112 
0.25 0.75 
0.5 0.5 
0.9957983193277311 0.004201680672268907 
0.9285714285714286 0.07142857142857142 
0.5 0.5 
0.9839650145772595 0.016034985422740525 
0.9347826086956522 0.06521739130434782 
0.95 0.05 
0.9957627118644068 0.00423728813559322 
0.9285714285714286 0.07142857142857142 
0.5 0.5 
0.9166666666666666 0.08333333333333333 
0.5 0.5 
0.5 0.5 
</TABLE>
</DEFINITION>
<DEFINITION>
<FOR>Press</FOR>
	<GIVEN>VentLung</GIVEN>
	<GIVEN>Intubation</GIVEN>
	<GIVEN>KinkedTube</GIVEN>
	<GIVEN>MinVolSet</GIVEN>
<TABLE>
0.9697627058615194 0.009872498671861166 0.01058083938374358 0.009783956082875864 
0.625 0.125 0.125 0.125 
0.5 0.1 0.3 0.1 
0.1 0.1 0.1 0.7 
0.25 0.25 0.25 0.25 
0.25 0.25 0.25 0.25 
0.3938640132669983 0.012437810945273632 0.012437810945273632 0.5812603648424544 
0.25 0.25 0.25 0.25 
0.25 0.25 0.25 0.25 
0.25 0.25 0.25 0.25 
0.25 0.25 0.25 0.25 
0.25 0.25 0.25 0.25 
0.16666666666666666 0.16666666666666666 0.5 0.16666666666666666 
0.25 0.25 0.25 0.25 
0.25 0.25 0.25 0.25 
0.25 0.25 0.25 0.25 
0.25 0.25 0.25 0.25 
0.25 0.25 0.25 0.25 
0.11418143899895725 0.8587069864442127 0.009906152241918665 0.017205422314911366 
0.05 0.75 0.05 0.15 
0.027777777777777776 0.5833333333333334 0.3055555555555556 0.08333333333333333 
0.07045454545454545 0.14772727272727273 0.025 0.7568181818181818 
0.1 0.5 0.1 0.3 
0.4166666666666667 0.08333333333333333 0.4166666666666667 0.08333333333333333 
0.046296296296296294 0.8981481481481481 0.009259259259259259 0.046296296296296294 
0.16666666666666666 0.5 0.16666666666666666 0.16666666666666666 
0.25 0.25 0.25 0.25 
0.18421052631578946 0.13157894736842105 0.07894736842105263 0.6052631578947368 
0.16666666666666666 0.16666666666666666 0.16666666666666666 0.5 
0.25 0.25 0.25 0.25 
0.03117782909930716 0.27367205542725176 0.684757505773672 0.010392609699769052 
0.1 0.1 0.7 0.1 
0.041666666666666664 0.625 0.2916666666666667 0.041666666666666664 
0.14583333333333334 0.1875 0.14583333333333334 0.5208333333333334 
0.16666666666666666 0.16666666666666666 0.16666666666666666 0.5 
0.25 0.25 0.25 0.25 
0.3114973262032086 0.03877005347593583 0.6243315508021391 0.02540106951871658 
0.1 0.1 0.3 0.5 
0.0125 0.004166666666666667 0.9625 0.020833333333333332 
0.07954545454545454 0.008116883116883116 0.017857142857142856 0.8944805194805194 
0.07142857142857142 0.07142857142857142 0.07142857142857142 0.7857142857142857 
0.25 0.25 0.25 0.25 
0.08928571428571429 0.017857142857142856 0.625 0.26785714285714285 
0.25 0.25 0.25 0.25 
0.0625 0.0625 0.8125 0.0625 
0.03333333333333333 0.03333333333333333 0.03333333333333333 0.9 
0.16666666666666666 0.16666666666666666 0.16666666666666666 0.5 
0.25 0.25 0.25 0.25 
0.1 0.3 0.5 0.1 
0.25 0.25 0.25 0.25 
0.25 0.25 0.25 0.25 
0.25 0.25 0.25 0.25 
0.25 0.25 0.25 0.25 
0.25 0.25 0.25 0.25 
0.2669616519174041 0.016224188790560472 0.016224188790560472 0.700589970501475 
0.012605042016806723 0.004201680672268907 0.004201680672268907 0.9789915966386554 
0.07142857142857142 0.07142857142857142 0.5 0.35714285714285715 
0.07142857142857142 0.07142857142857142 0.07142857142857142 0.7857142857142857 
0.25 0.25 0.25 0.25 
0.25 0.25 0.25 0.25 
0.06521739130434782 0.06521739130434782 0.021739130434782608 0.8478260869565217 
0.0625 0.0625 0.0625 0.8125 
0.25 0.25 0.25 0.25 
0.16666666666666666 0.16666666666666666 0.16666666666666666 0.5 
0.25 0.25 0.25 0.25 
0.25 0.25 0.25 0.25 
0.045454545454545456 0.4090909090909091 0.5 0.045454545454545456 
0.25 0.25 0.25 0.25 
0.25 0.25 0.25 0.25 
0.25 0.25 0.25 0.25 
0.25 0.25 0.25 0.25 
0.25 0.25 0.25 0.25 
</TABLE>
</DEFINITION>
<DEFINITION>
<FOR>VentTube</FOR>
	<GIVEN>Press</GIVEN>
	<GIVEN>VentLung</GIVEN>
	<GIVEN>Intubation</GIVEN>
	<GIVEN>KinkedTube</GIVEN>
<TABLE>
0.9997718561781347 1.3688629311918235E-4 4.5628764373060775E-5 4.5628764373060775E-5 
0.25 0.25 0.25 0.25 
0.9937238493723849 0.0020920502092050207 0.0020920502092050207 0.0020920502092050207 
0.25 0.25 0.25 0.25 
0.25 0.25 0.25 0.25 
0.25 0.25 0.25 0.25 
0.9054054054054054 0.08558558558558559 0.0045045045045045045 0.0045045045045045045 
0.6052631578947368 0.02631578947368421 0.07894736842105263 0.2894736842105263 
0.625 0.125 0.125 0.125 
0.5 0.1 0.1 0.3 
0.9 0.03333333333333333 0.03333333333333333 0.03333333333333333 
0.7 0.1 0.1 0.1 
0.9369747899159664 0.004201680672268907 0.004201680672268907 0.0546218487394958 
0.9038461538461539 0.019230769230769232 0.019230769230769232 0.057692307692307696 
0.375 0.125 0.125 0.375 
0.25 0.25 0.25 0.25 
0.25 0.25 0.25 0.25 
0.25 0.25 0.25 0.25 
0.9516129032258065 0.005376344086021506 0.03763440860215054 0.005376344086021506 
0.25 0.25 0.25 0.25 
0.5 0.16666666666666666 0.16666666666666666 0.16666666666666666 
0.25 0.25 0.25 0.25 
0.25 0.25 0.25 0.25 
0.25 0.25 0.25 0.25 
